PackageId:22400012
Quantity:1000
CardPrefix:
FaceValue:20000
StartDate:20220315
StopDate:20240319
Currency:1
ResID1:1
Resleft1:20000
ResActiveDays1:0
ResID2:2
Resleft2:90
ResActiveDays2:0
ResID3:-1
Resleft3:0
ResActiveDays3:0
ResID4:-1
Resleft4:0
ResActiveDays4:0
ResID5:-1
Resleft5:0
ResActiveDays5:0
ResID6:-1
Resleft6:0
ResActiveDays6:0
ResID7:-1
Resleft7:0
ResActiveDays7:0
ResID8:-1
Resleft8:0
ResActiveDays8:0
ResID9:-1
Resleft9:0
ResActiveDays9:0
ResID10:-1
Resleft10:0
ResActiveDays10:0
Start_Sequence:74224000120241245
[BEGIN]
74224000120241245 327476114549208
74224000120241246 320939679503534
74224000120241247 322861509626723
74224000120241248 321350097136420
74224000120241249 327516259313918
74224000120241250 322361004346653
74224000120241251 321980624192980
74224000120241252 322871519166192
74224000120241253 326785421247523
74224000120241254 323412156619750
74224000120241255 322851593162886
74224000120241256 324913656436226
74224000120241257 322601347166285
74224000120241258 320709442067250
74224000120241259 322141889221145
74224000120241260 328387027279843
74224000120241261 322101843662698
74224000120241262 321130874886354
74224000120241263 320759494311676
74224000120241264 328187824053535
74224000120241265 327376012949221
74224000120241266 320519253152167
74224000120241267 329438177162945
74224000120241268 321110856964620
74224000120241269 328367000432087
74224000120241270 326075717081168
74224000120241271 324653396770675
74224000120241272 325014752088847
74224000120241273 328427164293038
74224000120241274 321420167454956
74224000120241275 321610357068703
74224000120241276 323702443598482
74224000120241277 323072713367522
74224000120241278 323942687741902
74224000120241279 326285924597326
74224000120241280 325004748205093
74224000120241281 324533276673405
74224000120241282 326515256846574
74224000120241283 322041781144850
74224000120241284 324343088550865
74224000120241285 326445188321317
74224000120241286 322761400298901
74224000120241287 321250997905861
74224000120241288 326145887144565
74224000120241289 324513257656559
74224000120241290 320879510358738
74224000120241291 322761403806313
74224000120241292 324843582605101
74224000120241293 321850595733576
74224000120241294 329788427351965
74224000120241295 324593238279461
74224000120241296 320059798533550
74224000120241297 320559293815526
74224000120241298 326955692479884
74224000120241299 327136877365026
74224000120241300 320379011377650
74224000120241301 326665305565205
74224000120241302 320789422655456
74224000120241303 325484120578116
74224000120241304 328677315491069
74224000120241305 321220961725482
74224000120241306 325194831834870
74224000120241307 321080726811866
74224000120241308 328787422816791
74224000120241309 325124863218127
74224000120241310 321300048509222
74224000120241311 328857595365049
74224000120241312 329158896423697
74224000120241313 329578211307938
74224000120241314 327626362338954
74224000120241315 329438175288002
74224000120241316 328327062701000
74224000120241317 326115852969804
74224000120241318 328247982933209
74224000120241319 323232970687491
74224000120241320 323462107118033
74224000120241321 320899539880852
74224000120241322 321340085993122
74224000120241323 327066704061330
74224000120241324 320509244539072
74224000120241325 321230978449957
74224000120241326 328427165971760
74224000120241327 322421160366724
74224000120241328 326475114822174
74224000120241329 326935676281314
74224000120241330 325464104123120
74224000120241331 321570215802075
74224000120241332 324463100639931
74224000120241333 324533274488899
74224000120241334 327746485546442
74224000120241335 325814557773941
74224000120241336 327656393413099
74224000120241337 321560207041071
74224000120241338 320959691334106
74224000120241339 326775414863399
74224000120241340 324793439731964
74224000120241341 321290934948173
74224000120241342 320619350547942
74224000120241343 324563206352019
74224000120241344 326855593749116
74224000120241345 327026769486218
74224000120241346 328087724780834
74224000120241347 323342088798709
74224000120241348 328817550240333
74224000120241349 325064709013067
74224000120241350 329388025263450
74224000120241351 328977613919230
74224000120241352 325084728035142
74224000120241353 322351092489973
74224000120241354 323392037437946
74224000120241355 327546281038186
74224000120241356 326085724386018
74224000120241357 327286929604646
74224000120241358 320649388681832
74224000120241359 329398039419399
74224000120241360 323142883825124
74224000120241361 320809544683707
74224000120241362 327036775713499
74224000120241363 327316053696870
74224000120241364 327596232581006
74224000120241365 326515252017604
74224000120241366 321330072475851
74224000120241367 322691332627342
74224000120241368 325764401722547
74224000120241369 320809545551746
74224000120241370 327866504333590
74224000120241371 321230979808023
74224000120241372 328287920760427
74224000120241373 327836579489585
74224000120241374 320839570465239
74224000120241375 323142885246630
74224000120241376 325654398602704
74224000120241377 323322066815166
74224000120241378 320989627701231
74224000120241379 327846584539927
74224000120241380 327146882057436
74224000120241381 325394039326823
74224000120241382 326255995758197
74224000120241383 324473113317377
74224000120241384 321230970334455
74224000120241385 324703441380072
74224000120241386 325874516686629
74224000120241387 324513255873855
74224000120241388 322461108363636
74224000120241389 323922665291278
74224000120241390 324923667926477
74224000120241391 327446181402802
74224000120241392 321200943818327
74224000120241393 324493131439726
74224000120241394 327356095954806
74224000120241395 323252991130182
74224000120241396 325994638439658
74224000120241397 321760404618001
74224000120241398 321490139085833
74224000120241399 320479119672878
74224000120241400 320079717185675
74224000120241401 321270917076776
74224000120241402 320709441562876
74224000120241403 323762404573639
74224000120241404 325814554126183
74224000120241405 324473112964769
74224000120241406 320759495426858
74224000120241407 324133879731101
74224000120241408 323732479955663
74224000120241409 327776418152183
74224000120241410 325914657951146
74224000120241411 324003746810560
74224000120241412 326305045997301
74224000120241413 324953697771789
74224000120241414 328427167658890
74224000120241415 322221962583361
74224000120241416 326715455555394
74224000120241417 321540287696452
74224000120241418 328927667147291
74224000120241419 320009742101687
74224000120241420 326675313976503
74224000120241421 322451198617224
74224000120241422 320109843733731
74224000120241423 327816550847395
74224000120241424 325404144123075
74224000120241425 326775417636232
74224000120241426 323082723095711
74224000120241427 321050791994991
74224000120241428 321240984702050
74224000120241429 321480122905458
74224000120241430 329378016062782
74224000120241431 323672315783543
74224000120241432 322701445087831
74224000120241433 323582226452196
74224000120241434 329048787373813
74224000120241435 327616354779397
74224000120241436 326545283820674
74224000120241437 321730476639930
74224000120241438 328467107130567
74224000120241439 326935672068818
74224000120241440 327636371042114
74224000120241441 323512254124851
74224000120241442 323522260079823
74224000120241443 325434176301930
74224000120241444 327376010365635
74224000120241445 328017756083471
74224000120241446 328467102082622
74224000120241447 324533276673496
74224000120241448 325794431034262
74224000120241449 321150890563649
74224000120241450 327736471525871
74224000120241451 324233973818883
74224000120241452 326405141266321
74224000120241453 325624361992323
74224000120241454 322821561191563
74224000120241455 323772414182576
74224000120241456 325584228009928
74224000120241457 325264904981540
74224000120241458 327366001793098
74224000120241459 320339077089567
74224000120241460 327896532159037
74224000120241461 327426168180924
74224000120241462 329558292539339
74224000120241463 321650399036606
74224000120241464 326975618489825
74224000120241465 329858594483071
74224000120241466 326215957692711
74224000120241467 327006745005021
74224000120241468 328497133291967
74224000120241469 323932675798940
74224000120241470 323132876459378
74224000120241471 326625367219844
74224000120241472 322841588827032
74224000120241473 323202948196265
74224000120241474 321060703257074
74224000120241475 327616356578799
74224000120241476 328767404441263
74224000120241477 323552299624747
74224000120241478 326175819987524
74224000120241479 327356092146945
74224000120241480 328217959720890
74224000120241481 328187821090403
74224000120241482 328927660520642
74224000120241483 328127861480791
74224000120241484 329648381595010
74224000120241485 327566204333092
74224000120241486 323052799653858
74224000120241487 325734476770668
74224000120241488 324593232588906
74224000120241489 323032773258307
74224000120241490 323602349273568
74224000120241491 320229963410203
74224000120241492 321620363088599
74224000120241493 325914657224189
74224000120241494 322401146936725
74224000120241495 324943687907060
74224000120241496 324693331809660
74224000120241497 321640389195133
74224000120241498 320379015236547
74224000120241499 326145880980867
74224000120241500 328727468428320
74224000120241501 321490139459500
74224000120241502 329288923198926
74224000120241503 324153892759745
74224000120241504 320149880500266
74224000120241505 326695339788849
74224000120241506 326395034109289
74224000120241507 329378014801569
74224000120241508 327156893402084
74224000120241509 325094736733848
74224000120241510 322821566744870
74224000120241511 329508243099996
74224000120241512 323612356776054
74224000120241513 322671315605367
74224000120241514 321260906744509
74224000120241515 322861508796156
74224000120241516 327416154055623
74224000120241517 320829568339609
74224000120241518 329668301571462
74224000120241519 321990633284515
74224000120241520 328827567879156
74224000120241521 321400149677517
74224000120241522 321930673097103
74224000120241523 329518253728009
74224000120241524 325704446758105
74224000120241525 320099736697122
74224000120241526 327106844904235
74224000120241527 323372010126250
74224000120241528 328987626709974
74224000120241529 320719456981112
74224000120241530 329418151071965
74224000120241531 321460108624573
74224000120241532 326125863399175
74224000120241533 320149888341613
74224000120241534 328587221652956
74224000120241535 324763406730278
74224000120241536 321840585559173
74224000120241537 320109848743754
74224000120241538 322031778587184
74224000120241539 327356091407417
74224000120241540 321100849018337
74224000120241541 321250999772939
74224000120241542 323572218166321
74224000120241543 329118859284278
74224000120241544 323862503993775
74224000120241545 327006745636409
74224000120241546 320549283810177
74224000120241547 327006747870372
74224000120241548 328347081990116
74224000120241549 327426165388313
74224000120241550 320829563817678
74224000120241551 321940681459541
74224000120241552 321090739460910
74224000120241553 320229966539004
74224000120241554 329588228845009
74224000120241555 327136871901597
74224000120241556 321120861562296
74224000120241557 329068705168402
74224000120241558 328907645827911
74224000120241559 328347081340566
74224000120241560 320159897593870
74224000120241561 320859591742994
74224000120241562 327916657776525
74224000120241563 325884524750150
74224000120241564 321680322734185
74224000120241565 320109848061914
74224000120241566 323732478800958
74224000120241567 321010754159100
74224000120241568 323632372981086
74224000120241569 326185823507694
74224000120241570 325814552076497
74224000120241571 327686326499570
74224000120241572 323472117617247
74224000120241573 324253997437305
74224000120241574 329278912265938
74224000120241575 322101840499399
74224000120241576 327206949689127
74224000120241577 324593238643668
74224000120241578 328147880587336
74224000120241579 328087727999181
74224000120241580 326385023715830
74224000120241581 321930673739623
74224000120241582 323182821838252
74224000120241583 320849585054568
74224000120241584 322851592812873
74224000120241585 327046787015697
74224000120241586 320669306729865
74224000120241587 328907641946555
74224000120241588 324853598294827
74224000120241589 323082729202142
74224000120241590 327996630988230
74224000120241591 324753494600897
74224000120241592 328437175131437
74224000120241593 323112852394056
74224000120241594 320699338722845
74224000120241595 322421164307102
74224000120241596 320429162404816
74224000120241597 322841587101821
74224000120241598 321020763399045
74224000120241599 323612357102591
74224000120241600 329188823918716
74224000120241601 324453193768119
74224000120241602 321390038333072
74224000120241603 322301048942073
74224000120241604 321360009945332
74224000120241605 321010752010015
74224000120241606 329998632506609
74224000120241607 322961606129008
74224000120241608 324543281253701
74224000120241609 320239971825929
74224000120241610 324303044988003
74224000120241611 329278917496231
74224000120241612 329088721851541
74224000120241613 321830574329080
74224000120241614 321480123867461
74224000120241615 324903640113114
74224000120241616 325284924523507
74224000120241617 324563207611492
74224000120241618 321400149617852
74224000120241619 323842588925455
74224000120241620 327416159104375
74224000120241621 326285926195493
74224000120241622 320349083401143
74224000120241623 328507248940396
74224000120241624 327696333746576
74224000120241625 328337077944317
74224000120241626 329138876411191
74224000120241627 327626362405141
74224000120241628 325034773428954
74224000120241629 325284927514042
74224000120241630 326875512887989
74224000120241631 328827566326373
74224000120241632 322851593972818
74224000120241633 320869508256439
74224000120241634 326625368719323
74224000120241635 326845588520644
74224000120241636 322861504246695
74224000120241637 329428161615121
74224000120241638 320889524458373
74224000120241639 326185823604299
74224000120241640 324083726153301
74224000120241641 325124863896565
74224000120241642 323162801888557
74224000120241643 327726466646595
74224000120241644 324853594730934
74224000120241645 327286926040471
74224000120241646 323822564507879
74224000120241647 320549282281723
74224000120241648 320189823841695
74224000120241649 328797438904616
74224000120241650 322851594495588
74224000120241651 327386027572612
74224000120241652 328997634831771
74224000120241653 325804540085963
74224000120241654 325254997047647
74224000120241655 329068701285215
74224000120241656 324393033245075
74224000120241657 323012753860734
74224000120241658 324903642334786
74224000120241659 322761406715822
74224000120241660 323812559509261
74224000120241661 324413156073273
74224000120241662 329028765890560
74224000120241663 322421163438232
74224000120241664 320839573619872
74224000120241665 325224966955658
74224000120241666 327956698907253
74224000120241667 323642388142828
74224000120241668 322071717477074
74224000120241669 327356092684251
74224000120241670 326905640190941
74224000120241671 320309047225558
74224000120241672 326705445328759
74224000120241673 327036777745791
74224000120241674 321130870733249
74224000120241675 328117850120459
74224000120241676 325474118900612
74224000120241677 327916651866159
74224000120241678 321690334147191
74224000120241679 320729460350047
74224000120241680 324563209193220
74224000120241681 327686324231350
74224000120241682 320659399351873
74224000120241683 321520262012379
74224000120241684 325204946719005
74224000120241685 328987622538298
74224000120241686 329748485831720
74224000120241687 325104845475512
74224000120241688 322911658631722
74224000120241689 324723469128467
74224000120241690 325654394446164
74224000120241691 321420161198388
74224000120241692 323512253214853
74224000120241693 328657396012802
74224000120241694 326425163395518
74224000120241695 325344082699179
74224000120241696 320129869937595
74224000120241697 320269904474240
74224000120241698 322191833779898
74224000120241699 322101843375143
74224000120241700 326095737006561
74224000120241701 321100842560658
74224000120241702 320369005428292
74224000120241703 324763406717826
74224000120241704 326755497352678
74224000120241705 328357095288832
74224000120241706 329528260285716
74224000120241707 329868506105701
74224000120241708 320139873865176
74224000120241709 326835576658943
74224000120241710 322481125306036
74224000120241711 327776413162034
74224000120241712 320069707257936
74224000120241713 327656399120273
74224000120241714 324663306521389
74224000120241715 320629367213529
74224000120241716 323492139832556
74224000120241717 325914659878746
74224000120241718 327386026267983
74224000120241719 325494138570568
74224000120241720 325704445901044
74224000120241721 325064701778429
74224000120241722 324563203806892
74224000120241723 327606348199139
74224000120241724 324783424538410
74224000120241725 324473114396931
74224000120241726 327946684162903
74224000120241727 323422161093585
74224000120241728 320249986966543
74224000120241729 329058799111204
74224000120241730 326465103184252
74224000120241731 324263906323761
74224000120241732 322021765345388
74224000120241733 326375015805356
74224000120241734 329528268107291
74224000120241735 320969609332417
74224000120241736 323662305126424
74224000120241737 324373016451359
74224000120241738 323462103649971
74224000120241739 324713452004849
74224000120241740 323912656575867
74224000120241741 326025769713981
74224000120241742 325244980983796
74224000120241743 320689325453850
74224000120241744 328697332241721
74224000120241745 321030778288210
74224000120241746 322061706040490
74224000120241747 329778418965902
74224000120241748 329058795112225
74224000120241749 327046787941942
74224000120241750 322621368887888
74224000120241751 328867501074821
74224000120241752 328157895337957
74224000120241753 324023768833750
74224000120241754 329568201279947
74224000120241755 321420163223319
74224000120241756 328577216980485
74224000120241757 329538271972545
74224000120241758 324583225631337
74224000120241759 323982620470302
74224000120241760 328507240671896
74224000120241761 323762401071313
74224000120241762 324993632322189
74224000120241763 325644388254031
74224000120241764 324633378377585
74224000120241765 322491130621932
74224000120241766 326655390374772
74224000120241767 327026765506871
74224000120241768 325084726427703
74224000120241769 329948681880785
74224000120241770 329488122465789
74224000120241771 321920660091613
74224000120241772 320329069400565
74224000120241773 325574214952413
74224000120241774 326935670094011
74224000120241775 322481124822502
74224000120241776 323852597973654
74224000120241777 328387028606686
74224000120241778 329998635464498
74224000120241779 321630378877984
74224000120241780 328967607535725
74224000120241781 325664308383393
74224000120241782 329838575570850
74224000120241783 320529269852396
74224000120241784 321070710165030
74224000120241785 329498133975930
74224000120241786 324583224471824
74224000120241787 327426165971245
74224000120241788 322661307698566
74224000120241789 326455192201864
74224000120241790 327326064640431
74224000120241791 320369008901446
74224000120241792 324483126482564
74224000120241793 323682329332447
74224000120241794 320239971863573
74224000120241795 324223967065167
74224000120241796 321090733227862
74224000120241797 328097733004373
74224000120241798 327206941157939
74224000120241799 325814558644332
74224000120241800 329458193009627
74224000120241801 322041780053901
74224000120241802 324123868202921
74224000120241803 327186827352329
74224000120241804 320039775711740
74224000120241805 324253998036831
74224000120241806 328927665514666
74224000120241807 327236970263931
74224000120241808 329148884715436
74224000120241809 328697338792561
74224000120241810 327606346004645
74224000120241811 328387027423004
74224000120241812 329808547186645
74224000120241813 326025761206165
74224000120241814 323352091370746
74224000120241815 328017759924116
74224000120241816 328187826861412
74224000120241817 328097737342360
74224000120241818 325934674907876
74224000120241819 326895536159145
74224000120241820 326275917553309
74224000120241821 329328065342260
74224000120241822 326445181101098
74224000120241823 323262908751994
74224000120241824 320569207604093
74224000120241825 323792431550279
74224000120241826 321570213620286
74224000120241827 328947686725457
74224000120241828 328807549859912
74224000120241829 322571212851630
74224000120241830 329858599787837
74224000120241831 322181825444262
74224000120241832 321940687074750
74224000120241833 326525267916266
74224000120241834 329728469999133
74224000120241835 327486126005761
74224000120241836 321710457801798
74224000120241837 326295938013091
74224000120241838 325714458121438
74224000120241839 321140888846916
74224000120241840 322591239871742
74224000120241841 328137870522231
74224000120241842 328227968440351
74224000120241843 320839579396249
74224000120241844 329428161291906
74224000120241845 325314051430904
74224000120241846 323802548031882
74224000120241847 321250993220421
74224000120241848 324793431590767
74224000120241849 328187820071125
74224000120241850 321830571669621
74224000120241851 324163801484294
74224000120241852 322661308202770
74224000120241853 322731476686438
74224000120241854 326275912868780
74224000120241855 325634376494474
74224000120241856 327126862252286
74224000120241857 323662300292783
74224000120241858 328147885654566
74224000120241859 326015754914589
74224000120241860 329098736297908
74224000120241861 323082722140888
74224000120241862 322611351476635
74224000120241863 325384027332746
74224000120241864 321700444045678
74224000120241865 327056792124142
74224000120241866 324643387893219
74224000120241867 328607340040165
74224000120241868 327546281705319
74224000120241869 320609345853078
74224000120241870 325884526294034
74224000120241871 326795433082577
74224000120241872 327176811191244
74224000120241873 323962605446338
74224000120241874 326755498496734
74224000120241875 325534273273007
74224000120241876 321070711228457
74224000120241877 321520267277396
74224000120241878 323312051567422
74224000120241879 323012756054535
74224000120241880 329818550487579
74224000120241881 322751497334917
74224000120241882 320519254337686
74224000120241883 329938678936651
74224000120241884 324643381356162
74224000120241885 320079716919684
74224000120241886 321750496199630
74224000120241887 321530276309734
74224000120241888 322941684133753
74224000120241889 329548280736484
74224000120241890 321120864734970
74224000120241891 324103842243699
74224000120241892 320029761765176
74224000120241893 328827564222281
74224000120241894 324373017406307
74224000120241895 326605341893122
74224000120241896 327186829992803
74224000120241897 328757493515260
74224000120241898 320419159220441
74224000120241899 323962602240753
74224000120241900 322461108758091
74224000120241901 328037779297173
74224000120241902 326665302250869
74224000120241903 325934673414645
74224000120241904 328457190551346
74224000120241905 327316057143212
74224000120241906 326585229316557
74224000120241907 328387023626010
74224000120241908 322431172004918
74224000120241909 325784423420191
74224000120241910 322121860191493
74224000120241911 324403148508748
74224000120241912 322611354370921
74224000120241913 322851592363200
74224000120241914 325954698030700
74224000120241915 328527264295940
74224000120241916 325194836416283
74224000120241917 323582222388311
74224000120241918 327316051277764
74224000120241919 322921661724764
74224000120241920 321730478696961
74224000120241921 320309041208224
74224000120241922 329318057334794
74224000120241923 329118856827580
74224000120241924 328577217015563
74224000120241925 326775412402842
74224000120241926 329348082824376
74224000120241927 320869500313615
74224000120241928 328407141523576
74224000120241929 326205947759128
74224000120241930 328637370430328
74224000120241931 321330070302321
74224000120241932 327846584949063
74224000120241933 321890533050960
74224000120241934 325804548536087
74224000120241935 320059793881573
74224000120241936 321300041713850
74224000120241937 325404148972819
74224000120241938 322171818809181
74224000120241939 321510254818401
74224000120241940 320549280596957
74224000120241941 324263904517589
74224000120241942 321110859724440
74224000120241943 325334077531793
74224000120241944 329848585974923
74224000120241945 327576212243156
74224000120241946 321710458889683
74224000120241947 320529264220790
74224000120241948 324813557668218
74224000120241949 321670315944307
74224000120241950 325374018914793
74224000120241951 327576211538528
74224000120241952 326985628868143
74224000120241953 320459194091465
74224000120241954 325824566089601
74224000120241955 322591232639436
74224000120241956 321570217067730
74224000120241957 329078715512454
74224000120241958 326695337534793
74224000120241959 320299938779657
74224000120241960 324873519800174
74224000120241961 320689325883209
74224000120241962 325474118743613
74224000120241963 329758493731129
74224000120241964 324193837758598
74224000120241965 328227963360323
74224000120241966 325664306549909
74224000120241967 321000749759251
74224000120241968 322791433964479
74224000120241969 321510250311420
74224000120241970 324013752889473
74224000120241971 327676315319853
74224000120241972 322241980200372
74224000120241973 327966606594230
74224000120241974 325774412835177
74224000120241975 327406143501457
74224000120241976 324713453290860
74224000120241977 328547280187712
74224000120241978 322141882701655
74224000120241979 321760404059087
74224000120241980 324473111592434
74224000120241981 329048784151295
74224000120241982 329568200517587
74224000120241983 325534275620916
74224000120241984 322951694652636
74224000120241985 320099735017323
74224000120241986 324293932744647
74224000120241987 320119856005145
74224000120241988 329538277928622
74224000120241989 322211958332277
74224000120241990 328647384090373
74224000120241991 324303045915893
74224000120241992 320959691308384
74224000120241993 322001742544559
74224000120241994 327166804439084
74224000120241995 320469108170345
74224000120241996 326115857366890
74224000120241997 322901647180408
74224000120241998 321210956345464
74224000120241999 321330075783729
74224000120242000 326615353383390
74224000120242001 326885524360547
74224000120242002 329318058646413
74224000120242003 322901648686926
74224000120242004 320179814417413
74224000120242005 320839573286009
74224000120242006 327756490457109
74224000120242007 329488123686966
74224000120242008 325094737242467
74224000120242009 320809548225662
74224000120242010 328167803653640
74224000120242011 325274916418630
74224000120242012 326485123875317
74224000120242013 326905642858293
74224000120242014 329498132851568
74224000120242015 329918652391944
74224000120242016 325244980679753
74224000120242017 322011758099121
74224000120242018 327396039555945
74224000120242019 321130877805254
74224000120242020 324463104609014
74224000120242021 322691331267488
74224000120242022 325054791144972
74224000120242023 322561205238221
74224000120242024 326835577368628
74224000120242025 323752490090498
74224000120242026 325434176582209
74224000120242027 321760408620036
74224000120242028 327576212296904
74224000120242029 323132878093441
74224000120242030 324413156114912
74224000120242031 325804540953617
74224000120242032 323672311027272
74224000120242033 327466104880733
74224000120242034 323752493725284
74224000120242035 328347081326609
74224000120242036 320959698855508
74224000120242037 328927663834151
74224000120242038 321210953407595
74224000120242039 327316051832775
74224000120242040 328967603455289
74224000120242041 322791434784739
74224000120242042 324833573841654
74224000120242043 329608348031818
74224000120242044 320379010771916
74224000120242045 328437172034940
74224000120242046 322371014284167
74224000120242047 325044788531416
74224000120242048 329328065942247
74224000120242049 322071711655068
74224000120242050 327786422970042
74224000120242051 320389024591736
74224000120242052 327706444285668
74224000120242053 320219950946553
74224000120242054 326245983473536
74224000120242055 324643386093496
74224000120242056 328887528156692
74224000120242057 327506248547846
74224000120242058 326885523264761
74224000120242059 328497133536984
74224000120242060 327946688297078
74224000120242061 327806547250264
74224000120242062 322711452680322
74224000120242063 321540289153687
74224000120242064 320249987055783
74224000120242065 329708446743631
74224000120242066 321960602419831
74224000120242067 326115856568836
74224000120242068 324533277878446
74224000120242069 321550299867509
74224000120242070 321490131498148
74224000120242071 326405146498136
74224000120242072 328817555626467
74224000120242073 321700445987030
74224000120242074 324843587879712
74224000120242075 329558290282154
74224000120242076 325824563300429
74224000120242077 328667302702733
74224000120242078 324173810987255
74224000120242079 321590235547309
74224000120242080 327286926981890
74224000120242081 328297930606949
74224000120242082 323302046151192
74224000120242083 320769403567022
74224000120242084 328597232823888
74224000120242085 321040784392048
74224000120242086 328647380208896
74224000120242087 320169804542357
74224000120242088 326855595453911
74224000120242089 320649386054084
74224000120242090 325974614544071
74224000120242091 325504248974913
74224000120242092 324603347189497
74224000120242093 324333076472683
74224000120242094 325244983329813
74224000120242095 320489127591936
74224000120242096 321070711453808
74224000120242097 329478111180738
74224000120242098 326205941696222
74224000120242099 323282921514300
74224000120242100 327506240951100
74224000120242101 322821560454200
74224000120242102 322371012329658
74224000120242103 326465102644249
74224000120242104 321600343370601
74224000120242105 326465104578464
74224000120242106 321690335570685
74224000120242107 320569209354769
74224000120242108 328907646398486
74224000120242109 327886520579766
74224000120242110 324323063173657
74224000120242111 321460104716676
74224000120242112 327396030890847
74224000120242113 324123860312962
74224000120242114 323422161181027
74224000120242115 329138870765716
74224000120242116 329858599821562
74224000120242117 323922662023403
74224000120242118 320919652752573
74224000120242119 329938674595941
74224000120242120 326145889279280
74224000120242121 327646384477878
74224000120242122 324963603750780
74224000120242123 321060704479203
74224000120242124 325604348653159
74224000120242125 329318050124212
74224000120242126 322111858430157
74224000120242127 328137879249714
74224000120242128 327536274207011
74224000120242129 329118857030234
74224000120242130 329748482499389
74224000120242131 325684328929087
74224000120242132 327546282439336
74224000120242133 321800548589757
74224000120242134 329948683763929
74224000120242135 320789426704332
74224000120242136 327016758963756
74224000120242137 324913659680638
74224000120242138 325924665695991
74224000120242139 328587224374027
74224000120242140 320269908586317
74224000120242141 321010756976749
74224000120242142 327856597838783
74224000120242143 322151896990116
74224000120242144 322601340008703
74224000120242145 320429160105673
74224000120242146 328097734974369
74224000120242147 321430179990156
74224000120242148 329828566481676
74224000120242149 328737477261868
74224000120242150 325114856780034
74224000120242151 326715453786553
74224000120242152 329968600537468
74224000120242153 320639370078258
74224000120242154 321010759134649
74224000120242155 325984621224544
74224000120242156 323362009560364
74224000120242157 324573219990133
74224000120242158 327576210744734
74224000120242159 320959698791814
74224000120242160 323572219178134
74224000120242161 329668307662282
74224000120242162 325634378293712
74224000120242163 323452191787090
74224000120242164 329738473995771
74224000120242165 321820565006530
74224000120242166 322021769247391
74224000120242167 326565206140567
74224000120242168 320199836385773
74224000120242169 323432174769239
74224000120242170 320499135402089
74224000120242171 321050794593309
74224000120242172 326795439944558
74224000120242173 322451191233766
74224000120242174 327346083849286
74224000120242175 324203948305916
74224000120242176 325054797447939
74224000120242177 324763402075644
74224000120242178 323082723790040
74224000120242179 321560205817542
74224000120242180 325004747384088
74224000120242181 326315054284054
74224000120242182 327166802681299
74224000120242183 329288924009951
74224000120242184 321560202265277
74224000120242185 321460104690009
74224000120242186 323802542592348
74224000120242187 327916654872075
74224000120242188 320679311692427
74224000120242189 325784428144160
74224000120242190 329828563948554
74224000120242191 324813554627225
74224000120242192 327786427796345
74224000120242193 322981626558233
74224000120242194 324003745622445
74224000120242195 322361000579731
74224000120242196 320549280207825
74224000120242197 320499135029054
74224000120242198 320579213709158
74224000120242199 325544289190280
74224000120242200 324933671464251
74224000120242201 329528262821887
74224000120242202 323792438768470
74224000120242203 323652399008619
74224000120242204 322601349649380
74224000120242205 327296935977474
74224000120242206 324153899000705
74224000120242207 324083727159479
74224000120242208 320699337169449
74224000120242209 329568209613763
74224000120242210 329548284835050
74224000120242211 324853594116891
74224000120242212 325284926411153
74224000120242213 323822568128802
74224000120242214 323012751302745
74224000120242215 321870514976328
74224000120242216 324213959056600
74224000120242217 320609349235814
74224000120242218 328497137696689
74224000120242219 325614352499809
74224000120242220 325444182278477
74224000120242221 324993639536693
74224000120242222 328587221656850
74224000120242223 320089720376088
74224000120242224 326165803257521
74224000120242225 323172811951657
74224000120242226 320789425207352
74224000120242227 324033778204250
74224000120242228 329188824918616
74224000120242229 324063705907523
74224000120242230 325314055954554
74224000120242231 327276919148902
74224000120242232 327566205010130
74224000120242233 321040788065546
74224000120242234 323042787701799
74224000120242235 325644386500690
74224000120242236 327606345458679
74224000120242237 320229968800145
74224000120242238 321140888641973
74224000120242239 322441182620909
74224000120242240 328537273103371
74224000120242241 322231977063872
74224000120242242 325564207663824
74224000120242243 329758492288592
74224000120242244 329478110284787
[END]
