PackageId:22300014
Quantity:2800
CardPrefix:
FaceValue:50000
StartDate:20220410
StopDate:20250319
Currency:1
ResID1:1
Resleft1:50000
ResActiveDays1:0
ResID2:2
Resleft2:90
ResActiveDays2:0
ResID3:-1
Resleft3:0
ResActiveDays3:0
ResID4:-1
Resleft4:0
ResActiveDays4:0
ResID5:-1
Resleft5:0
ResActiveDays5:0
ResID6:-1
Resleft6:0
ResActiveDays6:0
ResID7:-1
Resleft7:0
ResActiveDays7:0
ResID8:-1
Resleft8:0
ResActiveDays8:0
ResID9:-1
Resleft9:0
ResActiveDays9:0
ResID10:-1
Resleft10:0
ResActiveDays10:0
Start_Sequence:35223000140092926
[BEGIN]
35223000140092926 886405350512968
35223000140092927 881450303226328
35223000140092928 885234181517474
35223000140092929 884423374996740
35223000140092930 889208155584354
35223000140092931 886445395806668
35223000140092932 886425376204659
35223000140092933 888847793170667
35223000140092934 881420372405505
35223000140092935 889928872977999
35223000140092936 885444390751597
35223000140092937 885894741263903
35223000140092938 888187036416341
35223000140092939 881960814102259
35223000140092940 887276127488300
35223000140092941 884023973504550
35223000140092942 884533482654136
35223000140092943 886935886155397
35223000140092944 883782633976811
35223000140092945 880849791776347
35223000140092946 886145092452476
35223000140092947 886825777301332
35223000140092948 889328279441828
35223000140092949 880309253638841
35223000140092950 888427372761324
35223000140092951 885564414315833
35223000140092952 887976821389656
35223000140092953 884043997928757
35223000140092954 883062919862753
35223000140092955 880889739225541
35223000140092956 881660518528601
35223000140092957 885284135535458
35223000140092958 889818765090804
35223000140092959 882261118218540
35223000140092960 885694549835634
35223000140092961 880759603896701
35223000140092962 889028977774161
35223000140092963 885194040094126
35223000140092964 882181039282145
35223000140092965 881200153963930
35223000140092966 883262112567120
35223000140092967 884753609018885
35223000140092968 881180031348110
35223000140092969 884703652217578
35223000140092970 882231184920366
35223000140092971 885014967102439
35223000140092972 888987839332753
35223000140092973 884763612402258
35223000140092974 887806754564694
35223000140092975 889668510520137
35223000140092976 888707652050178
35223000140092977 880409359295375
35223000140092978 889878729601406
35223000140092979 884903856684331
35223000140092980 881170024132503
35223000140092981 888607559474371
35223000140092982 885884732899862
35223000140092983 885464317468826
35223000140092984 884173028261325
35223000140092985 888747691714048
35223000140092986 883702651415370
35223000140092987 888457307964870
35223000140092988 881660510095570
35223000140092989 886795649698247
35223000140092990 882871729998410
35223000140092991 889568413679621
35223000140092992 883722670944759
35223000140092993 883292143242379
35223000140092994 885584431339591
35223000140092995 880499348618741
35223000140092996 889128070704267
35223000140092997 889418369201995
35223000140092998 887656502772360
35223000140092999 884923875359139
35223000140093000 880849797037937
35223000140093001 886645597058923
35223000140093002 885124076029994
35223000140093003 885534486650451
35223000140093004 889418365032300
35223000140093005 886685532629251
35223000140093006 880729672430804
35223000140093007 884423377850416
35223000140093008 880319260819365
35223000140093009 888797641800041
35223000140093010 887016962242424
35223000140093011 882791644014274
35223000140093012 889858701727375
35223000140093013 889968817666735
35223000140093014 880899743499472
35223000140093015 887026976175980
35223000140093016 885154007403950
35223000140093017 883972823524406
35223000140093018 880369210629514
35223000140093019 887166011043391
35223000140093020 886565415887934
35223000140093021 884933886216938
35223000140093022 884103052620722
35223000140093023 882231182380906
35223000140093024 882331288298324
35223000140093025 881640597574576
35223000140093026 883172024091166
35223000140093027 884833784925056
35223000140093028 882961818041379
35223000140093029 882621574056269
35223000140093030 881910862719253
35223000140093031 883452302207544
35223000140093032 889258103177314
35223000140093033 884183038904996
35223000140093034 886255104597149
35223000140093035 881620579090050
35223000140093036 881520471176335
35223000140093037 886055902875986
35223000140093038 884883739591171
35223000140093039 881880738774596
35223000140093040 889828773401402
35223000140093041 888517462875243
35223000140093042 881400357790454
35223000140093043 882551406490675
35223000140093044 888487335321186
35223000140093045 883672520253518
35223000140093046 880639585813400
35223000140093047 888597442569178
35223000140093048 884183033753059
35223000140093049 880729670878108
35223000140093050 884433383388660
35223000140093051 887566416717587
35223000140093052 885064915261876
35223000140093053 883632586096590
35223000140093054 889038982760866
35223000140093055 884483333772478
35223000140093056 883792646390707
35223000140093057 880109051930601
35223000140093058 886685537107541
35223000140093059 883122074131102
35223000140093060 883682532603880
35223000140093061 882331284423629
35223000140093062 884483337233258
35223000140093063 882611567566937
35223000140093064 883202156594262
35223000140093065 887156009841418
35223000140093066 888397249818977
35223000140093067 881950804542545
35223000140093068 889228173274015
35223000140093069 889848799221118
35223000140093070 888587439633007
35223000140093071 888707655027845
35223000140093072 880929879514011
35223000140093073 887006957341559
35223000140093074 882151007253725
35223000140093075 888977822147138
35223000140093076 883162012403752
35223000140093077 885764616957148
35223000140093078 881910860499518
35223000140093079 886465313452177
35223000140093080 883302256181168
35223000140093081 885204153169093
35223000140093082 883792646447037
35223000140093083 885064919190631
35223000140093084 884743699745946
35223000140093085 885244199495653
35223000140093086 880119066776111
35223000140093087 882381235345285
35223000140093088 883432383711812
35223000140093089 881210161489012
35223000140093090 882481335796094
35223000140093091 888797644841439
35223000140093092 886985837470126
35223000140093093 885704655326070
35223000140093094 884853700817277
35223000140093095 884803757782606
35223000140093096 887806756900747
35223000140093097 880029978559537
35223000140093098 881910862821590
35223000140093099 886765615111142
35223000140093100 889208153240990
35223000140093101 884353200545132
35223000140093102 886085936888843
35223000140093103 885044995012922
35223000140093104 881980831624495
35223000140093105 886635580924538
35223000140093106 884413364620026
35223000140093107 888787633037631
35223000140093108 888697548157888
35223000140093109 889248194931877
35223000140093110 881610560018840
35223000140093111 889398241555408
35223000140093112 887706658359773
35223000140093113 880869715224066
35223000140093114 884753609683409
35223000140093115 886225178190352
35223000140093116 882781636564105
35223000140093117 889758603576190
35223000140093118 880079928495627
35223000140093119 880849796712186
35223000140093120 888537485438749
35223000140093121 881060919099323
35223000140093122 882491348467329
35223000140093123 886365216138150
35223000140093124 886735681149374
35223000140093125 889208151414175
35223000140093126 882731683613754
35223000140093127 885644595699216
35223000140093128 880869717675541
35223000140093129 887866717534008
35223000140093130 882391246987980
35223000140093131 888337289862693
35223000140093132 880779628422757
35223000140093133 888047995548371
35223000140093134 887996845943407
35223000140093135 881540491745471
35223000140093136 886715660033958
35223000140093137 883702657589993
35223000140093138 884753600109202
35223000140093139 886945893800547
35223000140093140 882161015089307
35223000140093141 887536485162308
35223000140093142 888227174693290
35223000140093143 884203153482435
35223000140093144 883062915187229
35223000140093145 888317269219635
35223000140093146 885034984080882
35223000140093147 886305257890603
35223000140093148 889238185667830
35223000140093149 886875729267318
35223000140093150 880099943121833
35223000140093151 883602553592784
35223000140093152 882371225979778
35223000140093153 882301250505173
35223000140093154 884023974207116
35223000140093155 880409357212275
35223000140093156 885764618673565
35223000140093157 888867714489812
35223000140093158 884023973102761
35223000140093159 887026973858194
35223000140093160 888037989350160
35223000140093161 884843792789034
35223000140093162 889958808529291
35223000140093163 885624570046172
35223000140093164 888947896513490
35223000140093165 886245192192856
35223000140093166 883412369847213
35223000140093167 886065916049321
35223000140093168 883472325253625
35223000140093169 880819764847662
35223000140093170 887946892590151
35223000140093171 883582434533283
35223000140093172 881120071376209
35223000140093173 889688536070673
35223000140093174 889408353776453
35223000140093175 885194040131058
35223000140093176 883572428619796
35223000140093177 882561418415893
35223000140093178 887326277401746
35223000140093179 883672524900089
35223000140093180 882101058936887
35223000140093181 888697541293105
35223000140093182 889098949957424
35223000140093183 884133086431787
35223000140093184 884523473880001
35223000140093185 884593444654608
35223000140093186 888507455658400
35223000140093187 888387237977653
35223000140093188 888617562294965
35223000140093189 887966819642843
35223000140093190 887696541477194
35223000140093191 882761612546860
35223000140093192 880069919368495
35223000140093193 882261117482830
35223000140093194 887516469237393
35223000140093195 884413366237565
35223000140093196 882351203709072
35223000140093197 881230185993210
35223000140093198 888967814495397
35223000140093199 881950806480428
35223000140093200 886255101098979
35223000140093201 884383235891228
35223000140093202 887926875030357
35223000140093203 885554406579930
35223000140093204 881700652558901
35223000140093205 888157009955539
35223000140093206 885044993927351
35223000140093207 885344292959588
35223000140093208 886765618672115
35223000140093209 885224173358719
35223000140093210 888367215981307
35223000140093211 882991848632144
35223000140093212 884553407597219
35223000140093213 881680537639018
35223000140093214 887076929690030
35223000140093215 888437388797976
35223000140093216 880949890800881
35223000140093217 889618561069710
35223000140093218 882021971489080
35223000140093219 885094945148183
35223000140093220 884103056307897
35223000140093221 889028979872211
35223000140093222 880759608628605
35223000140093223 880309253271736
35223000140093224 889798644447752
35223000140093225 888827777916114
35223000140093226 885804751681553
35223000140093227 880539489842068
35223000140093228 880239188184794
35223000140093229 889438388296426
35223000140093230 888117063069196
35223000140093231 886925877396290
35223000140093232 880579424920684
35223000140093233 889718668054407
35223000140093234 882651504478690
35223000140093235 881240198900086
35223000140093236 882761616385709
35223000140093237 880409351087871
35223000140093238 884973822910559
35223000140093239 886565412256269
35223000140093240 889018960450138
35223000140093241 887916869453920
35223000140093242 882921873888168
35223000140093243 882611563498074
35223000140093244 885834780804676
35223000140093245 881050909319508
35223000140093246 883152003118183
35223000140093247 880619566662744
35223000140093248 888937885694810
35223000140093249 887106053871338
35223000140093250 886995845745624
35223000140093251 881880734089019
35223000140093252 882971824334748
35223000140093253 888937886264019
35223000140093254 881920876311191
35223000140093255 888177028929401
35223000140093256 884783634786940
35223000140093257 885384235374800
35223000140093258 888757600517998
35223000140093259 885354209547289
35223000140093260 885014960847952
35223000140093261 888877728857740
35223000140093262 880429377618662
35223000140093263 884323277047216
35223000140093264 881100058067666
35223000140093265 886085938787399
35223000140093266 887616565525941
35223000140093267 880829776789568
35223000140093268 882441399660525
35223000140093269 887936888456610
35223000140093270 888067918330864
35223000140093271 883142098699308
35223000140093272 883342297280468
35223000140093273 886235189055827
35223000140093274 882921871789429
35223000140093275 882731681811505
35223000140093276 884863711087470
35223000140093277 889798649525907
35223000140093278 885544492901982
35223000140093279 883882735510805
35223000140093280 885034982668468
35223000140093281 881990842435904
35223000140093282 885484333708191
35223000140093283 880169012213554
35223000140093284 884773621502541
35223000140093285 884883731267248
35223000140093286 884103057691075
35223000140093287 885044993625499
35223000140093288 889988837357118
35223000140093289 889948892112972
35223000140093290 888197049344148
35223000140093291 882021977277081
35223000140093292 880069917095297
35223000140093293 882661516535541
35223000140093294 885004956117472
35223000140093295 889548497165214
35223000140093296 883292147295609
35223000140093297 889298146317960
35223000140093298 886115064028671
35223000140093299 889658509870696
35223000140093300 884373222481119
35223000140093301 885684533313611
35223000140093302 881150006438962
35223000140093303 889698545494576
35223000140093304 889858700749049
35223000140093305 883402353622562
35223000140093306 883132085300362
35223000140093307 883542497894141
35223000140093308 886275127049282
35223000140093309 886575429539592
35223000140093310 889698549387589
35223000140093311 880859702488213
35223000140093312 885504456816386
35223000140093313 883382231090376
35223000140093314 886615568241057
35223000140093315 881970829891323
35223000140093316 882861718349183
35223000140093317 886765615380758
35223000140093318 887416361510619
35223000140093319 887016966537378
35223000140093320 885024977154275
35223000140093321 883652506481679
35223000140093322 889168015312434
35223000140093323 888487339796940
35223000140093324 883002951566558
35223000140093325 880369214098564
35223000140093326 884053901839626
35223000140093327 881070921880945
35223000140093328 888307255235032
35223000140093329 885854708231099
35223000140093330 885614562464363
35223000140093331 889008953633622
35223000140093332 885934888013540
35223000140093333 885574421766044
35223000140093334 886245195020844
35223000140093335 887936884782281
35223000140093336 888907851777911
35223000140093337 881770627130653
35223000140093338 888507456642973
35223000140093339 884503452436049
35223000140093340 885244197857210
35223000140093341 888947893828435
35223000140093342 889878727621380
35223000140093343 889128076257038
35223000140093344 883542494219409
35223000140093345 880539487640871
35223000140093346 880019961986440
35223000140093347 889948897156110
35223000140093348 883042999208101
35223000140093349 885544498651370
35223000140093350 889108055805317
35223000140093351 880639583434686
35223000140093352 886555401495317
35223000140093353 884223179262580
35223000140093354 881920873299210
35223000140093355 888887737912685
35223000140093356 887246192884932
35223000140093357 885224173871865
35223000140093358 888727678697420
35223000140093359 886275124106925
35223000140093360 889778626714046
35223000140093361 883492343262324
35223000140093362 886645590181098
35223000140093363 880479326267971
35223000140093364 880839782053557
35223000140093365 886585437127069
35223000140093366 889508455317903
35223000140093367 882431381099081
35223000140093368 886795643353449
35223000140093369 880699543892371
35223000140093370 881790647254317
35223000140093371 881280133696904
35223000140093372 880049996716804
35223000140093373 886535483831288
35223000140093374 888797646761064
35223000140093375 889558405111759
35223000140093376 888757605865458
35223000140093377 889678525746560
35223000140093378 882851705844588
35223000140093379 888537484947344
35223000140093380 889758602236444
35223000140093381 885904852332283
35223000140093382 882861715791541
35223000140093383 889238183877767
35223000140093384 887866717947528
35223000140093385 889208158715184
35223000140093386 885504453635765
35223000140093387 887756604631292
35223000140093388 882991841540998
35223000140093389 887156001051169
35223000140093390 889008950673220
35223000140093391 884503453419512
35223000140093392 884843793118449
35223000140093393 882291146409841
35223000140093394 883072921987469
35223000140093395 889278121790942
35223000140093396 889388234318834
35223000140093397 885504453912363
35223000140093398 883972823185606
35223000140093399 885444392435984
35223000140093400 887216169842178
35223000140093401 883752609354293
35223000140093402 880679528844710
35223000140093403 886685531095632
35223000140093404 886825776263944
35223000140093405 886415368913608
35223000140093406 880209154441765
35223000140093407 889928873194328
35223000140093408 882741696857823
35223000140093409 880339288801648
35223000140093410 882431386874390
35223000140093411 885914865765885
35223000140093412 882771622264611
35223000140093413 889758607403219
35223000140093414 880539483660584
35223000140093415 888357207614028
35223000140093416 889668518455927
35223000140093417 881040997933429
35223000140093418 883002954428163
35223000140093419 885824772591746
35223000140093420 883832787666060
35223000140093421 883282136176639
35223000140093422 886185039841963
35223000140093423 889828773596405
35223000140093424 888177024251668
35223000140093425 885964812828205
35223000140093426 888427378871282
35223000140093427 889588434824174
35223000140093428 887956809020233
35223000140093429 881850702785786
35223000140093430 885804751511175
35223000140093431 884613563794523
35223000140093432 883542494711163
35223000140093433 887686538926057
35223000140093434 883982835253797
35223000140093435 889338283599373
35223000140093436 886645599236689
35223000140093437 887626573530813
35223000140093438 889668511001445
35223000140093439 889418360585364
35223000140093440 889348298643578
35223000140093441 888917865698569
35223000140093442 887176028678862
35223000140093443 883232181887883
35223000140093444 887526473342344
35223000140093445 881510463416863
35223000140093446 885654501662100
35223000140093447 881640598367136
35223000140093448 885954805407018
35223000140093449 881170024952650
35223000140093450 882941890187407
35223000140093451 880399246474522
35223000140093452 883912867907511
35223000140093453 889918869001429
35223000140093454 884243193035450
35223000140093455 881450303068831
35223000140093456 888707653551327
35223000140093457 885784636516212
35223000140093458 881120074466172
35223000140093459 889308252439032
35223000140093460 889638586539059
35223000140093461 884243198300991
35223000140093462 888187037371683
35223000140093463 881150009382428
35223000140093464 881680539597119
35223000140093465 880649597571152
35223000140093466 886365218259054
35223000140093467 880779623176270
35223000140093468 881180037642469
35223000140093469 880819764167096
35223000140093470 880099941945461
35223000140093471 883432388173479
35223000140093472 884803753404975
35223000140093473 885924871377976
35223000140093474 880949899168054
35223000140093475 884453307729948
35223000140093476 880519463757931
35223000140093477 883472321753899
35223000140093478 887666515163671
35223000140093479 884663514359460
35223000140093480 882901852541375
35223000140093481 881060916739997
35223000140093482 889888733705707
35223000140093483 888747699581703
35223000140093484 884073920170302
35223000140093485 887036986158417
35223000140093486 883532488361410
35223000140093487 889048995161619
35223000140093488 887036989483060
35223000140093489 880799649913840
35223000140093490 883432384687707
35223000140093491 883352200996416
35223000140093492 881460319469175
35223000140093493 888607553112696
35223000140093494 885864716924099
35223000140093495 889978825183668
35223000140093496 888637584631968
35223000140093497 882461315045035
35223000140093498 888617560222908
35223000140093499 883772622972840
35223000140093500 885184032092173
35223000140093501 889728671313622
35223000140093502 881560413504626
35223000140093503 887896742119097
35223000140093504 887316267794080
35223000140093505 883602554911601
35223000140093506 881960817391895
35223000140093507 887536487142070
35223000140093508 886955803478621
35223000140093509 885084934080536
35223000140093510 881190048783332
35223000140093511 887056902316874
35223000140093512 881660511784308
35223000140093513 889428370168299
35223000140093514 880029973205913
35223000140093515 881940891487884
35223000140093516 883422370498345
35223000140093517 880499348968887
35223000140093518 886625576653799
35223000140093519 881070928241394
35223000140093520 880699542113118
35223000140093521 887826773024554
35223000140093522 880489332182437
35223000140093523 888937888923324
35223000140093524 887106054430198
35223000140093525 886085938175476
35223000140093526 888667515966690
35223000140093527 885864713220295
35223000140093528 888227171508880
35223000140093529 885954800164133
35223000140093530 888757601948272
35223000140093531 881500450061536
35223000140093532 885674529794822
35223000140093533 889118068061249
35223000140093534 881470327608648
35223000140093535 888047995693211
35223000140093536 886335282503474
35223000140093537 881140092088670
35223000140093538 887506457200912
35223000140093539 888977821737761
35223000140093540 883262110555721
35223000140093541 884233188231057
35223000140093542 884163012821286
35223000140093543 882411363035191
35223000140093544 881430388722574
35223000140093545 889728673744873
35223000140093546 881750604719782
35223000140093547 881790649084300
35223000140093548 887966816389518
35223000140093549 883602551488209
35223000140093550 884033983715111
35223000140093551 887376221174599
35223000140093552 886335286927728
35223000140093553 886725679041720
35223000140093554 887486332505611
35223000140093555 885474327385548
35223000140093556 880719665424634
35223000140093557 888427374271990
35223000140093558 882271123656320
35223000140093559 887836789636961
35223000140093560 887656503454358
35223000140093561 889308252665360
35223000140093562 887636589987688
35223000140093563 881560419048530
35223000140093564 887866716342894
35223000140093565 886325277247778
35223000140093566 888417361113165
35223000140093567 884643593926230
35223000140093568 889548498012755
35223000140093569 884073929751081
35223000140093570 884573423186119
35223000140093571 886245192613342
35223000140093572 883232187591560
35223000140093573 883632585264032
35223000140093574 881670529258068
35223000140093575 881660517818501
35223000140093576 882951806754043
35223000140093577 886155002209200
35223000140093578 884333287185751
35223000140093579 885374224770472
35223000140093580 883202150523002
35223000140093581 886865716618039
35223000140093582 880379226417125
35223000140093583 888907857692914
35223000140093584 887906859912579
35223000140093585 889138086321972
35223000140093586 887986830869108
35223000140093587 882221178653381
35223000140093588 888787636052785
35223000140093589 885294146656218
35223000140093590 881340291887763
35223000140093591 881240194127648
35223000140093592 883152003546812
35223000140093593 880329278625638
35223000140093594 885234189237130
35223000140093595 889878729839719
35223000140093596 881190049092085
35223000140093597 882031986458242
35223000140093598 887326276694253
35223000140093599 887706658419607
35223000140093600 885824770288732
35223000140093601 881520475235809
35223000140093602 889218167863314
35223000140093603 888997848534704
35223000140093604 888757604920781
35223000140093605 889748698385091
35223000140093606 886125074764429
35223000140093607 887786636054528
35223000140093608 885534484769846
35223000140093609 882411366281331
35223000140093610 889228178453246
35223000140093611 884163017861137
35223000140093612 882561416620400
35223000140093613 887006952137017
35223000140093614 889468315655726
35223000140093615 886995844010288
35223000140093616 886645597651518
35223000140093617 888407354409633
35223000140093618 881740699207424
35223000140093619 884173020222805
35223000140093620 886465319578321
35223000140093621 886735681507415
35223000140093622 889318269072765
35223000140093623 881430380503228
35223000140093624 888267115775926
35223000140093625 880889739681486
35223000140093626 888327278024441
35223000140093627 886295142541658
35223000140093628 881800752713761
35223000140093629 885584432490476
35223000140093630 883102055769912
35223000140093631 888137084647759
35223000140093632 887216162868798
35223000140093633 885294148604501
35223000140093634 881990840103108
35223000140093635 886665514100758
35223000140093636 889828775023611
35223000140093637 887326271311349
35223000140093638 888197047090776
35223000140093639 880039988016819
35223000140093640 889118066780434
35223000140093641 886795648901872
35223000140093642 888597445295133
35223000140093643 885844796783002
35223000140093644 889858701034657
35223000140093645 888407356466132
35223000140093646 885784635969742
35223000140093647 885004951535713
35223000140093648 882331286562400
35223000140093649 889008951075119
35223000140093650 882911860533804
35223000140093651 888077927443489
35223000140093652 883212160652618
35223000140093653 882921873867234
35223000140093654 886585436245003
35223000140093655 883572426391928
35223000140093656 887696547478301
35223000140093657 884273123944637
35223000140093658 889938887206549
35223000140093659 880489332731259
35223000140093660 888897745489555
35223000140093661 881270120862602
35223000140093662 883022970602611
35223000140093663 887196049972483
35223000140093664 886925872309808
35223000140093665 880749694694533
35223000140093666 888537489513711
35223000140093667 881170021279360
35223000140093668 887066914827992
35223000140093669 883492346434279
35223000140093670 888557403399110
35223000140093671 884043993226275
35223000140093672 889798640952553
35223000140093673 881100052314895
35223000140093674 881510464027141
35223000140093675 888437386603012
35223000140093676 889018966120617
35223000140093677 889638588896728
35223000140093678 887436388272489
35223000140093679 884193043098700
35223000140093680 886345292409035
35223000140093681 881840794791055
35223000140093682 888557401771280
35223000140093683 888597443934805
35223000140093684 889598445464435
35223000140093685 887686530747006
35223000140093686 882351207966740
35223000140093687 885974822385153
35223000140093688 881080939731728
35223000140093689 882841798990919
35223000140093690 881560411237966
35223000140093691 885964811482923
35223000140093692 883092940569416
35223000140093693 889768615945924
35223000140093694 886765619228743
35223000140093695 880179025820716
35223000140093696 886845798271907
35223000140093697 885454303771772
35223000140093698 888767616782126
35223000140093699 881320275515981
35223000140093700 888527473166490
35223000140093701 881120073283821
35223000140093702 881790643870275
35223000140093703 884533481728513
35223000140093704 883782634245505
35223000140093705 880619564679733
35223000140093706 888377223823905
35223000140093707 887426376177352
35223000140093708 880599446434722
35223000140093709 881860719271064
35223000140093710 887076929789228
35223000140093711 883832785325251
35223000140093712 885204151553704
35223000140093713 889408357243126
35223000140093714 887026976799332
35223000140093715 885184039149683
35223000140093716 886085935497642
35223000140093717 888897746540548
35223000140093718 882811769023274
35223000140093719 880009956542045
35223000140093720 882161017193006
35223000140093721 886695544760839
35223000140093722 889828778086843
35223000140093723 883222172870379
35223000140093724 881070920483523
35223000140093725 883902854809124
35223000140093726 882631585849945
35223000140093727 887556402576690
35223000140093728 888637588851426
35223000140093729 887046997831667
35223000140093730 880239184808513
35223000140093731 884363218736426
35223000140093732 880579429988071
35223000140093733 888837784341657
35223000140093734 889238185538814
35223000140093735 882751608851127
35223000140093736 887546495168300
35223000140093737 882441390039448
35223000140093738 886875727958848
35223000140093739 887726673475093
35223000140093740 882011960048866
35223000140093741 888547496556122
35223000140093742 883432383776707
35223000140093743 885694544500075
35223000140093744 884303255647988
35223000140093745 886775626528493
35223000140093746 885094949395452
35223000140093747 883702650007447
35223000140093748 885284138773452
35223000140093749 888107058854492
35223000140093750 885894745510718
35223000140093751 883572428552609
35223000140093752 881050909378064
35223000140093753 883652509509823
35223000140093754 880079920962327
35223000140093755 886915863742996
35223000140093756 888877722886299
35223000140093757 886915867771947
35223000140093758 880089934760156
35223000140093759 881790641006667
35223000140093760 881470328175293
35223000140093761 882391246937507
35223000140093762 888777621010649
35223000140093763 880489330753910
35223000140093764 887926875004334
35223000140093765 888307256389616
35223000140093766 887126070540000
35223000140093767 883742695499094
35223000140093768 883862710050447
35223000140093769 885854707437572
35223000140093770 883672521945005
35223000140093771 884363214137388
35223000140093772 887576423588817
35223000140093773 883332287125263
35223000140093774 885564410877181
35223000140093775 884743699937765
35223000140093776 880639589285032
35223000140093777 887626579032181
35223000140093778 880029976990808
35223000140093779 886685531292160
35223000140093780 889898741072726
35223000140093781 880459309095792
35223000140093782 882241199203216
35223000140093783 881120075161086
35223000140093784 882671520334930
35223000140093785 882411360080826
35223000140093786 889588439409885
35223000140093787 887396246696344
35223000140093788 885914864323958
35223000140093789 881760616501344
35223000140093790 889468312642871
35223000140093791 883362218657125
35223000140093792 885234180776246
35223000140093793 888437383145371
35223000140093794 888607559186963
35223000140093795 889468318071743
35223000140093796 880999846862844
35223000140093797 884513467975414
35223000140093798 885404354933794
35223000140093799 885884733791687
35223000140093800 882951802102976
35223000140093801 881910863934728
35223000140093802 887706652290057
35223000140093803 888647590350291
35223000140093804 889868719468736
35223000140093805 888567418111564
35223000140093806 881970821287467
35223000140093807 882261113608068
35223000140093808 889408359997554
35223000140093809 881950808020386
35223000140093810 884813760185124
35223000140093811 886005953084022
35223000140093812 887916866603108
35223000140093813 886725671752505
35223000140093814 883802757344036
35223000140093815 884053901614618
35223000140093816 886675525809682
35223000140093817 882851706641523
35223000140093818 884653504788522
35223000140093819 884323272417929
35223000140093820 884763619935752
35223000140093821 881300251776800
35223000140093822 881520471295517
35223000140093823 882651501379658
35223000140093824 880269116771360
35223000140093825 889818769667963
35223000140093826 882351201866582
35223000140093827 884213160441972
35223000140093828 887206153662946
35223000140093829 881220174294528
35223000140093830 884433385559519
35223000140093831 881760612854932
35223000140093832 880389238098536
35223000140093833 889868713282218
35223000140093834 880739684087282
35223000140093835 881970826332461
35223000140093836 883832787485070
35223000140093837 889448395906015
35223000140093838 889748691115924
35223000140093839 888367216664688
35223000140093840 887146094080241
35223000140093841 880959806408588
35223000140093842 885844794258765
35223000140093843 880959808357277
35223000140093844 885244195714521
35223000140093845 886145095182693
35223000140093846 886305257442361
35223000140093847 880639587095487
35223000140093848 883782635867854
35223000140093849 881190044226355
35223000140093850 887766615046867
35223000140093851 884883731196441
35223000140093852 885204150493932
35223000140093853 883112069827638
35223000140093854 880059900514083
35223000140093855 889678523895958
35223000140093856 883272122817221
35223000140093857 884043994593188
35223000140093858 887296146389256
35223000140093859 887676523250822
35223000140093860 884283131697968
35223000140093861 888767616356967
35223000140093862 889808754849604
35223000140093863 889888733485938
35223000140093864 883432381569728
35223000140093865 884193044593189
35223000140093866 887686534861787
35223000140093867 884133082256843
35223000140093868 881610563061936
35223000140093869 882041997342391
35223000140093870 882791646513535
35223000140093871 884513469629070
35223000140093872 880139087894687
35223000140093873 883582437757352
35223000140093874 881930881164410
35223000140093875 888667511330437
35223000140093876 884153009423530
35223000140093877 883362218061475
35223000140093878 881160016655153
35223000140093879 884213169476575
35223000140093880 888967818695080
35223000140093881 888177023155343
35223000140093882 886985830924503
35223000140093883 880379227537948
35223000140093884 883082934600651
35223000140093885 887756606121669
35223000140093886 888787639664474
35223000140093887 889138082389645
35223000140093888 885984835769852
35223000140093889 882461315343159
35223000140093890 881120079643855
35223000140093891 887016961251890
35223000140093892 884063912350615
35223000140093893 887656502657674
35223000140093894 886955803497913
35223000140093895 883052905458770
35223000140093896 888647598313115
35223000140093897 887546494830224
35223000140093898 885854708628246
35223000140093899 889348297010342
35223000140093900 883902857971074
35223000140093901 887856703915898
35223000140093902 882621574328740
35223000140093903 886065917056664
35223000140093904 882451303927809
35223000140093905 889858706383133
35223000140093906 886245192424324
35223000140093907 880989830615153
35223000140093908 882321279813644
35223000140093909 880319267038623
35223000140093910 886005959422562
35223000140093911 882411366702603
35223000140093912 888617562755208
35223000140093913 886865712201850
35223000140093914 881230187805138
35223000140093915 882031983476977
35223000140093916 886865719650545
35223000140093917 887536488693706
35223000140093918 880449390657228
35223000140093919 883432383242515
35223000140093920 885234186839224
35223000140093921 888547498471773
35223000140093922 888717667298683
35223000140093923 884543491590646
35223000140093924 881610561091587
35223000140093925 889298145679266
35223000140093926 880279129671568
35223000140093927 886125072199247
35223000140093928 883202158353928
35223000140093929 886585432772615
35223000140093930 882031989787457
35223000140093931 882291148102428
35223000140093932 888187030042594
35223000140093933 885264111090622
35223000140093934 884083930245343
35223000140093935 889538487546553
35223000140093936 883792649045166
35223000140093937 882281136258553
35223000140093938 882821773716067
35223000140093939 884413361591620
35223000140093940 884963818734731
35223000140093941 882191042536954
35223000140093942 880789635103385
35223000140093943 885534484321441
35223000140093944 889338284513783
35223000140093945 884323274700164
35223000140093946 881720671924713
35223000140093947 883162017247868
35223000140093948 884963819149680
35223000140093949 884873720556094
35223000140093950 888557405104022
35223000140093951 889268118612521
35223000140093952 886285139142605
35223000140093953 883122079283532
35223000140093954 880649596468354
35223000140093955 880879725196428
35223000140093956 881690540825448
35223000140093957 883862711549690
35223000140093958 881500458235753
35223000140093959 887436389053477
35223000140093960 887016966087642
35223000140093961 880749697092798
35223000140093962 885044994886683
35223000140093963 887676526087471
35223000140093964 880569411285075
35223000140093965 887216163964035
35223000140093966 888997846254544
35223000140093967 889638582552346
35223000140093968 885444396446022
35223000140093969 880389237604744
35223000140093970 889088931466349
35223000140093971 884383238762043
35223000140093972 884613561768614
35223000140093973 881900857276753
35223000140093974 880579422864015
35223000140093975 883242199185907
35223000140093976 889298149031664
35223000140093977 880579422380345
35223000140093978 882151005483066
35223000140093979 884453306709874
35223000140093980 888607557969071
35223000140093981 886615568318068
35223000140093982 880899742139933
35223000140093983 886035980580796
35223000140093984 886975820462449
35223000140093985 888897742582574
35223000140093986 889678526862567
35223000140093987 885194043339491
35223000140093988 886415361655543
35223000140093989 887156000181928
35223000140093990 880589431847166
35223000140093991 880889732897469
35223000140093992 885364210078424
35223000140093993 885734688481855
35223000140093994 883282134852783
35223000140093995 881990846611212
35223000140093996 884513461601675
35223000140093997 881120079065097
35223000140093998 883272122490459
35223000140093999 883642599959830
35223000140094000 887606551884522
35223000140094001 888227173881755
35223000140094002 880379227183249
35223000140094003 889748694514715
35223000140094004 885054900879100
35223000140094005 881850706655066
35223000140094006 881370221975945
35223000140094007 886495349218387
35223000140094008 883282134386851
35223000140094009 887966811994317
35223000140094010 885364219317139
35223000140094011 884783636376351
35223000140094012 883032985368934
35223000140094013 884023975545364
35223000140094014 885704657132767
35223000140094015 887106057542332
35223000140094016 884443395402794
35223000140094017 883902858354852
35223000140094018 881790644412035
35223000140094019 888217163472480
35223000140094020 885514463772233
35223000140094021 882431380772496
35223000140094022 883852705777972
35223000140094023 882531482034868
35223000140094024 889928875925521
35223000140094025 882101058618963
35223000140094026 883562412886613
35223000140094027 889448398762143
35223000140094028 884283139677560
35223000140094029 880239186238183
35223000140094030 883982832806143
35223000140094031 889148098346978
35223000140094032 889148093858917
35223000140094033 887996847467614
35223000140094034 887546499280173
35223000140094035 888717667482307
35223000140094036 889468312627971
35223000140094037 880039984201135
35223000140094038 884053903298553
35223000140094039 883942893358060
35223000140094040 882541492365141
35223000140094041 885494344613918
35223000140094042 887636589897299
35223000140094043 886865714683002
35223000140094044 883332283180829
35223000140094045 884303259256036
35223000140094046 882271127692222
35223000140094047 886425370189505
35223000140094048 885254101371466
35223000140094049 887786632405194
35223000140094050 881860715094419
35223000140094051 887586437194337
35223000140094052 886415360077885
35223000140094053 889188033653398
35223000140094054 889108051123210
35223000140094055 884973829560709
35223000140094056 880359202320372
35223000140094057 885274129915563
35223000140094058 889298143668014
35223000140094059 889458304892799
35223000140094060 881770622108058
35223000140094061 887916860865655
35223000140094062 888257108775289
35223000140094063 886675527744568
35223000140094064 882411362553867
35223000140094065 884543496279956
35223000140094066 885174023804152
35223000140094067 889598440587384
35223000140094068 882801753385180
35223000140094069 881380231085616
35223000140094070 884683538404462
35223000140094071 884043994850894
35223000140094072 881490348845794
35223000140094073 889158009240051
35223000140094074 884803751630447
35223000140094075 881430388825637
35223000140094076 889238184575497
35223000140094077 881660518795183
35223000140094078 883252100473371
35223000140094079 889758604998891
35223000140094080 886115064903209
35223000140094081 882351205553206
35223000140094082 883592442725048
35223000140094083 882341295105714
35223000140094084 880489335531366
35223000140094085 888837785200222
35223000140094086 880529477265162
35223000140094087 887756605301335
35223000140094088 880839780500957
35223000140094089 886535481787645
35223000140094090 882001955718154
35223000140094091 880049998472244
35223000140094092 884283134829755
35223000140094093 882701652362346
35223000140094094 885874723199337
35223000140094095 886845796777191
35223000140094096 889818762156179
35223000140094097 885134085327946
35223000140094098 887776620037243
35223000140094099 882571427630868
35223000140094100 888357209649843
35223000140094101 882341293120894
35223000140094102 882601551799643
35223000140094103 888067918217594
35223000140094104 883932882683496
35223000140094105 886975825403241
35223000140094106 883242195548084
35223000140094107 889858702820972
35223000140094108 886385236698554
35223000140094109 885034985389051
35223000140094110 884143090087144
35223000140094111 880489330066416
35223000140094112 883052909797237
35223000140094113 884673522921829
35223000140094114 880619568532514
35223000140094115 889788639672333
35223000140094116 885094945790018
35223000140094117 880879722274271
35223000140094118 883162012990403
35223000140094119 883202158235266
35223000140094120 886875722174182
35223000140094121 884913862808376
35223000140094122 887256100411914
35223000140094123 884533483068801
35223000140094124 884653506802415
35223000140094125 884683538188304
35223000140094126 886925875248421
35223000140094127 888797642105468
35223000140094128 887786631644125
35223000140094129 881320278383807
35223000140094130 881130080541079
35223000140094131 889778622931988
35223000140094132 881290147226661
35223000140094133 884043994076949
35223000140094134 883432389394410
35223000140094135 884213161140632
35223000140094136 883752605266154
35223000140094137 886125074592481
35223000140094138 885114068980663
35223000140094139 885934882315193
35223000140094140 882341294412111
35223000140094141 881430388526437
35223000140094142 883182039059304
35223000140094143 888687537597272
35223000140094144 888697541814597
35223000140094145 885404350848701
35223000140094146 884273126361049
35223000140094147 886045992767562
35223000140094148 882751601681587
35223000140094149 883112063055652
35223000140094150 889698547592441
35223000140094151 889228177829448
35223000140094152 888027975528456
35223000140094153 885264111822993
35223000140094154 888587431302312
35223000140094155 885904850314667
35223000140094156 889058906535813
35223000140094157 887016965768903
35223000140094158 881970826132238
35223000140094159 888237182343418
35223000140094160 889598449230296
35223000140094161 880199044301091
35223000140094162 887036989682337
35223000140094163 886155003770599
35223000140094164 883342291004831
35223000140094165 885944898423009
35223000140094166 881150009865120
35223000140094167 885204158882555
35223000140094168 887746699977796
35223000140094169 888287130640649
35223000140094170 880639589028996
35223000140094171 884863718235314
35223000140094172 885154009399020
35223000140094173 883672526307840
35223000140094174 889408357451552
35223000140094175 884993842827469
35223000140094176 889108052390363
35223000140094177 886555407310720
35223000140094178 889738680693628
35223000140094179 881840794494440
35223000140094180 883462312210643
35223000140094181 881810761231240
35223000140094182 881430381344589
35223000140094183 887966810618505
35223000140094184 886015960397256
35223000140094185 887476320439875
35223000140094186 888847798989981
35223000140094187 887166017808698
35223000140094188 880609551952635
35223000140094189 888687537119676
35223000140094190 885724670788818
35223000140094191 884213161411639
35223000140094192 885844790726203
35223000140094193 883452301344823
35223000140094194 884843791734971
35223000140094195 881150006931951
35223000140094196 880759600309617
35223000140094197 887046996281207
35223000140094198 884613564692853
35223000140094199 880719665493406
35223000140094200 888377226113093
35223000140094201 880429379259077
35223000140094202 889918866096935
35223000140094203 880799646053234
35223000140094204 889248198486102
35223000140094205 887566412709818
35223000140094206 887116069526788
35223000140094207 880679527496061
35223000140094208 882711667361528
35223000140094209 881330283627884
35223000140094210 884763618823380
35223000140094211 885784634730385
35223000140094212 880129077946843
35223000140094213 889238186014981
35223000140094214 883282135610257
35223000140094215 887326272790087
35223000140094216 882511469433937
35223000140094217 884333288693132
35223000140094218 886745690691193
35223000140094219 886235185599286
35223000140094220 883402354401164
35223000140094221 882361219762459
35223000140094222 882261118168561
35223000140094223 883492340979846
35223000140094224 880189039049305
35223000140094225 882161010094171
35223000140094226 880469313249423
35223000140094227 888937889059470
35223000140094228 882751604127054
35223000140094229 884873720793626
35223000140094230 882471322892749
35223000140094231 886125078647438
35223000140094232 885144098413208
35223000140094233 886995849110265
35223000140094234 881570426246578
35223000140094235 884553406028456
35223000140094236 881120075820594
35223000140094237 881680534010320
35223000140094238 881490341235394
35223000140094239 886665517689599
35223000140094240 882181038550104
35223000140094241 881720672893774
35223000140094242 888427370472806
35223000140094243 885184038882094
35223000140094244 885174028332264
35223000140094245 882571426747315
35223000140094246 885544492471699
35223000140094247 880569416774350
35223000140094248 889848794016942
35223000140094249 883492344599454
35223000140094250 885404358245443
35223000140094251 889098946415727
35223000140094252 880809759067471
35223000140094253 883052908122467
35223000140094254 886125071428762
35223000140094255 883632580569959
35223000140094256 885374224503007
35223000140094257 884823770310421
35223000140094258 881820776929017
35223000140094259 887796646409143
35223000140094260 888737685160560
35223000140094261 884763617627494
35223000140094262 889888730374500
35223000140094263 887056904554161
35223000140094264 881790640852121
35223000140094265 885314268731743
35223000140094266 883332288036060
35223000140094267 881390247188043
35223000140094268 881110062627917
35223000140094269 882181033576221
35223000140094270 883322272132933
35223000140094271 883242195320369
35223000140094272 880769618893846
35223000140094273 883882736960225
35223000140094274 888817768693372
35223000140094275 886765610563832
35223000140094276 881170024843485
35223000140094277 889978828784305
35223000140094278 885814765458003
35223000140094279 885084937956887
35223000140094280 888547492899917
35223000140094281 885094945428674
35223000140094282 885284137636133
35223000140094283 887436386571804
35223000140094284 884233184810329
35223000140094285 888337282876237
35223000140094286 884393247991542
35223000140094287 880769619688278
35223000140094288 889908855773031
35223000140094289 889588432889230
35223000140094290 882391241978250
35223000140094291 884043993560451
35223000140094292 881820774131533
35223000140094293 885114069524574
35223000140094294 885654508436341
35223000140094295 889008951539236
35223000140094296 881450301470729
35223000140094297 888497342046246
35223000140094298 883162017762694
35223000140094299 886135081711741
35223000140094300 885464316632788
35223000140094301 888067917512794
35223000140094302 883122071997090
35223000140094303 889678528541213
35223000140094304 884173022806610
35223000140094305 885444390875262
35223000140094306 881040990902829
35223000140094307 884353204660286
35223000140094308 886435381955912
35223000140094309 885494342249592
35223000140094310 883762611131849
35223000140094311 884953806552897
35223000140094312 886205159178047
35223000140094313 881590442412636
35223000140094314 887566412672549
35223000140094315 889138080121761
35223000140094316 883632587229265
35223000140094317 885224170717358
35223000140094318 886645593820681
35223000140094319 887146099362869
35223000140094320 883622575735739
35223000140094321 881060916515289
35223000140094322 888977820912481
35223000140094323 882271126862486
35223000140094324 885714668719560
35223000140094325 886835787721178
35223000140094326 884513460023243
35223000140094327 888167016602647
35223000140094328 881530486146505
35223000140094329 883162014042157
35223000140094330 889148090036704
35223000140094331 882841793775881
35223000140094332 882081936529833
35223000140094333 886945892349213
35223000140094334 884713661000581
35223000140094335 888367212409846
35223000140094336 883882735274144
35223000140094337 883582434882565
35223000140094338 882021977732228
35223000140094339 881500456932032
35223000140094340 889798642885129
35223000140094341 882901854204090
35223000140094342 885294144839067
35223000140094343 888967816672410
35223000140094344 881180035381685
35223000140094345 886535481361603
35223000140094346 880819766403176
35223000140094347 884643594823527
35223000140094348 884223174154528
35223000140094349 885204150449604
35223000140094350 882011968210604
35223000140094351 881220170972777
35223000140094352 881060919388050
35223000140094353 880899745678038
35223000140094354 887016963277822
35223000140094355 886945891631058
35223000140094356 888757602227009
35223000140094357 882901855218423
35223000140094358 881540493739849
35223000140094359 884523470515461
35223000140094360 884443395770521
35223000140094361 885584435037203
35223000140094362 881450309103262
35223000140094363 885314269003443
35223000140094364 882571425230101
35223000140094365 882501455801910
35223000140094366 885154002828695
35223000140094367 882631588123268
35223000140094368 889558400060248
35223000140094369 885594448727997
35223000140094370 889088931683210
35223000140094371 886865711949289
35223000140094372 889488336793174
35223000140094373 886385231603263
35223000140094374 889608553893262
35223000140094375 880739680498452
35223000140094376 880149093242930
35223000140094377 887776626856316
35223000140094378 887426370438077
35223000140094379 882581435032499
35223000140094380 884533483923289
35223000140094381 888197044846138
35223000140094382 882711661806219
35223000140094383 885124073002311
35223000140094384 882661515865653
35223000140094385 882961815902711
35223000140094386 880769619298854
35223000140094387 883412366191377
35223000140094388 881330288531457
35223000140094389 883112060544322
35223000140094390 884773620089027
35223000140094391 881520475683244
35223000140094392 883912869551570
35223000140094393 887906856650623
35223000140094394 887916861756701
35223000140094395 882671528228112
35223000140094396 887896746061262
35223000140094397 883382233239025
35223000140094398 885694548402935
35223000140094399 880939883254253
35223000140094400 887346292310491
35223000140094401 880539489716895
35223000140094402 880669515435275
35223000140094403 882931882382081
35223000140094404 883182037389185
35223000140094405 889078927419701
35223000140094406 886195047952535
35223000140094407 883702657171953
35223000140094408 880599444015194
35223000140094409 889738684409099
35223000140094410 881430382175707
35223000140094411 881710668731449
35223000140094412 888907859956445
35223000140094413 888277126198231
35223000140094414 888307257723828
35223000140094415 881890745282023
35223000140094416 888987835410203
35223000140094417 885454302321243
35223000140094418 885074926169775
35223000140094419 885114069173797
35223000140094420 882701651763600
35223000140094421 882061915521949
35223000140094422 882821779945890
35223000140094423 885784630683943
35223000140094424 887436389761660
35223000140094425 888887738189973
35223000140094426 881340292233689
35223000140094427 884593441674656
35223000140094428 888437386254543
35223000140094429 888237189580272
35223000140094430 882721677743898
35223000140094431 881330283999154
35223000140094432 885344294040619
35223000140094433 881200153652212
35223000140094434 880969817772784
35223000140094435 881160015382510
35223000140094436 880479322214456
35223000140094437 883552402432596
35223000140094438 885254100451015
35223000140094439 886125070169016
35223000140094440 882521470651184
35223000140094441 883332284137506
35223000140094442 885974829061719
35223000140094443 884003959651679
35223000140094444 883742699621810
35223000140094445 883052901327015
35223000140094446 888107051584602
35223000140094447 880149095644138
35223000140094448 889148095436160
35223000140094449 886655506348145
35223000140094450 885304253696408
35223000140094451 880949893356817
35223000140094452 887346293381881
35223000140094453 880959804068382
35223000140094454 882971827403655
35223000140094455 887676528733100
35223000140094456 881580436098889
35223000140094457 880919866384007
35223000140094458 887826777569178
35223000140094459 888337286509575
35223000140094460 886575421326016
35223000140094461 887156004235602
35223000140094462 882481339177564
35223000140094463 889468315104461
35223000140094464 883912869488015
35223000140094465 886405351298260
35223000140094466 881500454786317
35223000140094467 887726679389035
35223000140094468 881730681340454
35223000140094469 889918865632026
35223000140094470 882851701472181
35223000140094471 880769619277502
35223000140094472 885414363216582
35223000140094473 886395249448276
35223000140094474 882131081503471
35223000140094475 881750608280098
35223000140094476 883942894204595
35223000140094477 886245197731129
35223000140094478 885024974631581
35223000140094479 884743697174031
35223000140094480 886535484422324
35223000140094481 884423376573752
35223000140094482 880279126161276
35223000140094483 886395242581692
35223000140094484 888897745316629
35223000140094485 885804753400211
35223000140094486 888687533965915
35223000140094487 886015966022408
35223000140094488 880689534124178
35223000140094489 884583439629233
35223000140094490 883832781752155
35223000140094491 889568411951052
35223000140094492 886505453435269
35223000140094493 884343294722029
35223000140094494 881440395905367
35223000140094495 888057901202024
35223000140094496 880159005511944
35223000140094497 889128075966229
35223000140094498 881820771403801
35223000140094499 886395248011678
35223000140094500 881480334017442
35223000140094501 887646592463972
35223000140094502 887556402046905
35223000140094503 889088935641609
35223000140094504 883322271457007
35223000140094505 886555403288407
35223000140094506 889428371557744
35223000140094507 881460318162758
35223000140094508 884253104588354
35223000140094509 886505456261533
35223000140094510 884793649636964
35223000140094511 884103057472853
35223000140094512 889758606800293
35223000140094513 887986835501164
35223000140094514 886815761533069
35223000140094515 888167012761470
35223000140094516 886445392733578
35223000140094517 884433388714470
35223000140094518 883092945437968
35223000140094519 885224177788548
35223000140094520 886725672462084
35223000140094521 888997841229936
35223000140094522 888477322121320
35223000140094523 889188032013142
35223000140094524 882021974146729
35223000140094525 886385239835648
35223000140094526 886785631084977
35223000140094527 889598445519037
35223000140094528 880859706784714
35223000140094529 889578422415146
35223000140094530 887636586498032
35223000140094531 887216165302075
35223000140094532 889538489749187
35223000140094533 885584433763586
35223000140094534 886795646304760
35223000140094535 887556405948762
35223000140094536 881550405040232
35223000140094537 885564416953777
35223000140094538 884623571971396
35223000140094539 883122071321067
35223000140094540 883012961753756
35223000140094541 886735684533670
35223000140094542 888367214624083
35223000140094543 887556409449505
35223000140094544 883902853128739
35223000140094545 883892745517791
35223000140094546 884553407979668
35223000140094547 886285133570948
35223000140094548 883682538686749
35223000140094549 889598440780715
35223000140094550 880489338155061
35223000140094551 885044992897070
35223000140094552 888507458130173
35223000140094553 880389231972065
35223000140094554 883412361628230
35223000140094555 886225177025451
35223000140094556 884093941634963
35223000140094557 885314260368015
35223000140094558 881790649952602
35223000140094559 884373220028497
35223000140094560 884903858381652
35223000140094561 889658505879709
35223000140094562 880369214219768
35223000140094563 885534485121999
35223000140094564 888117069257349
35223000140094565 886085934213918
35223000140094566 885444398605775
35223000140094567 881510468797302
35223000140094568 889108056022462
35223000140094569 887156006264382
35223000140094570 885004950854906
35223000140094571 885454303807568
35223000140094572 881100054601966
35223000140094573 889468311937647
35223000140094574 883902853791992
35223000140094575 881740692901523
35223000140094576 881900857802347
35223000140094577 884613567206027
35223000140094578 885114067779734
35223000140094579 889938889471226
35223000140094580 886965815747898
35223000140094581 886715667459744
35223000140094582 881030984195425
35223000140094583 886595448614316
35223000140094584 889088936672909
35223000140094585 882271121339774
35223000140094586 883962810073250
35223000140094587 880329274577517
35223000140094588 883122075709752
35223000140094589 880049995029299
35223000140094590 881410368302482
35223000140094591 883712663564052
35223000140094592 885804759527083
35223000140094593 885564414196130
35223000140094594 882171024440965
35223000140094595 888147097572798
35223000140094596 881840794557290
35223000140094597 889458308016105
35223000140094598 889358206027913
35223000140094599 882831785716677
35223000140094600 882531484469595
35223000140094601 889188036386958
35223000140094602 889398247078237
35223000140094603 885764613216909
35223000140094604 889078920606351
35223000140094605 886545492294173
35223000140094606 889828777662450
35223000140094607 885704655328220
35223000140094608 883792643980999
35223000140094609 885494344180301
35223000140094610 883882735631760
35223000140094611 883112063798415
35223000140094612 882151002983831
35223000140094613 883882730420508
35223000140094614 884573428676128
35223000140094615 886085938422109
35223000140094616 886175023417542
35223000140094617 881130088907492
35223000140094618 884783635335105
35223000140094619 883212166148449
35223000140094620 880769616434682
35223000140094621 887996848054438
35223000140094622 886785639350961
35223000140094623 889778628360468
35223000140094624 883902855264563
35223000140094625 884283137295853
35223000140094626 889868717487713
35223000140094627 885704659886030
35223000140094628 885124071412731
35223000140094629 882801759759310
35223000140094630 886005954620622
35223000140094631 888037981909261
35223000140094632 884783630784362
35223000140094633 881060910083403
35223000140094634 884513469815635
35223000140094635 885384235921463
35223000140094636 881700651745538
35223000140094637 888417369816095
35223000140094638 882311260777851
35223000140094639 880519468963396
35223000140094640 880909852657166
35223000140094641 882791649007539
35223000140094642 884583439921431
35223000140094643 880989835991867
35223000140094644 889318268196294
35223000140094645 889588438391290
35223000140094646 885444394507795
35223000140094647 886415367582776
35223000140094648 882811764286611
35223000140094649 883032981203932
35223000140094650 886775627540703
35223000140094651 889758604716251
35223000140094652 884003953037542
35223000140094653 888077920453085
35223000140094654 880009956899216
35223000140094655 884853705541572
35223000140094656 881730683657186
35223000140094657 886195040212516
35223000140094658 887846792246329
35223000140094659 888747699156132
35223000140094660 881900858187815
35223000140094661 888877728274055
35223000140094662 888767618479565
35223000140094663 888357201625132
35223000140094664 888347295512649
35223000140094665 882591446972994
35223000140094666 886165017303669
35223000140094667 888887734901836
35223000140094668 887346290848184
35223000140094669 886775621738559
35223000140094670 883152007636869
35223000140094671 880739688536973
35223000140094672 884773627164014
35223000140094673 887846799970681
35223000140094674 886345293576389
35223000140094675 883542492241540
35223000140094676 881340293077406
35223000140094677 885694543054894
35223000140094678 881360210657477
35223000140094679 883482338831469
35223000140094680 888127078725373
35223000140094681 887706659226906
35223000140094682 885034986427473
35223000140094683 886885734946039
35223000140094684 880249191732114
35223000140094685 885264115696629
35223000140094686 887746695369985
35223000140094687 884723674183003
35223000140094688 885594445177489
35223000140094689 884963810701133
35223000140094690 885174029917490
35223000140094691 880209152279025
35223000140094692 885154008967446
35223000140094693 889198040725423
35223000140094694 887106050489337
35223000140094695 884243193290729
35223000140094696 880089931647055
35223000140094697 883322278480175
35223000140094698 880469314605327
35223000140094699 887176029496678
35223000140094700 883712669509523
35223000140094701 886395246172124
35223000140094702 883352208378932
35223000140094703 885644592922949
35223000140094704 882571421769016
35223000140094705 887796645415418
35223000140094706 882731686683465
35223000140094707 886515463310995
35223000140094708 884523477227197
35223000140094709 881880737026579
35223000140094710 882431385379653
35223000140094711 884583431941076
35223000140094712 887816765887713
35223000140094713 884333282987776
35223000140094714 884403358078554
35223000140094715 887346295409052
35223000140094716 888247195614309
35223000140094717 881490347901473
35223000140094718 885374228282966
35223000140094719 881130081324136
35223000140094720 883432384616707
35223000140094721 881250106270102
35223000140094722 880899743699509
35223000140094723 887796649090586
35223000140094724 881950807679858
35223000140094725 887706658325433
35223000140094726 888297148422629
35223000140094727 885964813227875
35223000140094728 885174029626913
35223000140094729 882301256336304
35223000140094730 885294143181557
35223000140094731 888277123790848
35223000140094732 883242194214629
35223000140094733 886995848382509
35223000140094734 884563412277451
35223000140094735 888457308251797
35223000140094736 884793647124317
35223000140094737 884493347101661
35223000140094738 887556400869808
35223000140094739 886255105924940
35223000140094740 882521477482277
35223000140094741 882291148705999
35223000140094742 889528472146182
35223000140094743 885144096047220
35223000140094744 885214168904076
35223000140094745 887876720490930
35223000140094746 888397249141979
35223000140094747 888757604502124
35223000140094748 885704653167461
35223000140094749 887336286208360
35223000140094750 883742699106179
35223000140094751 880169011664883
35223000140094752 887496342894756
35223000140094753 887846795018160
35223000140094754 882861711960355
35223000140094755 888167011996361
35223000140094756 884813765022083
35223000140094757 887596442091268
35223000140094758 881800754601793
35223000140094759 880189034747715
35223000140094760 887636586392326
35223000140094761 880859709083667
35223000140094762 886985835497741
35223000140094763 887086935116937
35223000140094764 883242193004417
35223000140094765 880459304868524
35223000140094766 882541494121601
35223000140094767 884013962225892
35223000140094768 885934887891151
35223000140094769 881860717596569
35223000140094770 881470321507310
35223000140094771 887606558412172
35223000140094772 884583437121678
35223000140094773 885524473370384
35223000140094774 888517465667552
35223000140094775 887876728148091
35223000140094776 882061918483864
35223000140094777 884443391243265
35223000140094778 889888732375042
35223000140094779 880129073180466
35223000140094780 880369210235569
35223000140094781 882221177663916
35223000140094782 883532486338974
35223000140094783 881650503338627
35223000140094784 881200158041314
35223000140094785 886655502090918
35223000140094786 886735681318165
35223000140094787 888167010960008
35223000140094788 882291140382354
35223000140094789 886235184719644
35223000140094790 884603554571063
35223000140094791 888977825605778
35223000140094792 887766616987593
35223000140094793 889708653625621
35223000140094794 882671524418611
35223000140094795 881340298504596
35223000140094796 881970824421138
35223000140094797 886495343812300
35223000140094798 887876723754239
35223000140094799 886415369619014
35223000140094800 888167018109383
35223000140094801 884513460655719
35223000140094802 887846791916725
35223000140094803 884613565230129
35223000140094804 881960812327014
35223000140094805 881930880161566
35223000140094806 886925872686537
35223000140094807 883992840043210
35223000140094808 881010960997115
35223000140094809 889018962477645
35223000140094810 884033980943695
35223000140094811 885684537724918
35223000140094812 885664511303251
35223000140094813 882931887841355
35223000140094814 886615564664281
35223000140094815 887306251749746
35223000140094816 881650505718868
35223000140094817 889008959637298
35223000140094818 889418365017882
35223000140094819 882261116004198
35223000140094820 886745690232186
35223000140094821 880679521066037
35223000140094822 887816761709029
35223000140094823 883972824862568
35223000140094824 882171022723630
35223000140094825 881180038864271
35223000140094826 884013964126130
35223000140094827 882151001079054
35223000140094828 887016962983356
35223000140094829 887766615333674
35223000140094830 885974823327623
35223000140094831 888627578672722
35223000140094832 885824777735823
35223000140094833 882571428067541
35223000140094834 889068916357913
35223000140094835 883682537981899
35223000140094836 888757603686236
35223000140094837 887506453324372
35223000140094838 880709653399305
35223000140094839 887426373278024
35223000140094840 883322275767696
35223000140094841 884623578549525
35223000140094842 888987831833961
35223000140094843 884503459383925
35223000140094844 883172022364250
35223000140094845 884853704899753
35223000140094846 888897740145444
35223000140094847 887746696541123
35223000140094848 885244193868476
35223000140094849 889848791270040
35223000140094850 880609559702417
35223000140094851 884823774373898
35223000140094852 889128074577652
35223000140094853 887576422922945
35223000140094854 886235180931365
35223000140094855 886775629102312
35223000140094856 882691549688147
35223000140094857 881660510771178
35223000140094858 886315265204238
35223000140094859 883842791717051
35223000140094860 886185033410131
35223000140094861 882791643452811
35223000140094862 882891741225225
35223000140094863 886315269811610
35223000140094864 885994842164786
35223000140094865 881770625154171
35223000140094866 883522470337219
35223000140094867 881140092235022
35223000140094868 883642590178521
35223000140094869 886755600112865
35223000140094870 889108053936377
35223000140094871 883742691982431
35223000140094872 883052907795718
35223000140094873 885524476379707
35223000140094874 885824772135940
35223000140094875 888867718032152
35223000140094876 884403350600228
35223000140094877 887426375103190
35223000140094878 889458305049691
35223000140094879 887026975385767
35223000140094880 882331288517825
35223000140094881 884283135893125
35223000140094882 884193043231830
35223000140094883 889738687198722
35223000140094884 883672527160816
35223000140094885 883442392841985
35223000140094886 886505459708126
35223000140094887 884093940589802
35223000140094888 880889738432758
35223000140094889 886995840312303
35223000140094890 881160017781552
35223000140094891 883222177470274
35223000140094892 888277127917435
35223000140094893 880749696711014
35223000140094894 880809756923786
35223000140094895 885724677614417
35223000140094896 888217166794028
35223000140094897 882871727597955
35223000140094898 885564410182884
35223000140094899 884913869218327
35223000140094900 886265118878869
35223000140094901 881560412874351
35223000140094902 880769616746891
35223000140094903 888007953665754
35223000140094904 887386234102275
35223000140094905 884753604380662
35223000140094906 881290144893648
35223000140094907 884303255949012
35223000140094908 889948893656624
35223000140094909 888387238276031
35223000140094910 885504452416352
35223000140094911 884253106053702
35223000140094912 880509453203645
35223000140094913 882131086760366
35223000140094914 882231180430885
35223000140094915 884743691410125
35223000140094916 884413366206439
35223000140094917 888387233237614
35223000140094918 880169013804166
35223000140094919 883942892533501
35223000140094920 880409355187538
35223000140094921 884893743925204
35223000140094922 888047994741255
35223000140094923 885784636524431
35223000140094924 884363210915342
35223000140094925 887906851834560
35223000140094926 888387232599629
35223000140094927 889558401664578
35223000140094928 888717661768494
35223000140094929 880109057057450
35223000140094930 885914861064603
35223000140094931 881670524360254
35223000140094932 884963818003424
35223000140094933 884073921034655
35223000140094934 887916864723859
35223000140094935 887576425206827
35223000140094936 889608550366034
35223000140094937 883402351806881
35223000140094938 886685537903795
35223000140094939 886045995549142
35223000140094940 885884733253550
35223000140094941 886095941266278
35223000140094942 880219163581319
35223000140094943 889288135010732
35223000140094944 880939885269391
35223000140094945 880079926370990
35223000140094946 885464312941920
35223000140094947 888047990358398
35223000140094948 884603551809005
35223000140094949 886365214468741
35223000140094950 882081938226939
35223000140094951 885394240793018
35223000140094952 886225171300755
35223000140094953 885614566269957
35223000140094954 880339285751498
35223000140094955 884223170836399
35223000140094956 882041994774690
35223000140094957 889828773240816
35223000140094958 883892749504471
35223000140094959 886085936011590
35223000140094960 885974826518767
35223000140094961 888787636872448
35223000140094962 882941890639874
35223000140094963 885964810591339
35223000140094964 886665517804334
35223000140094965 887566416029973
35223000140094966 881790640759612
35223000140094967 882711669231817
35223000140094968 880909857018875
35223000140094969 880699548389215
35223000140094970 889678526841309
35223000140094971 882231184975011
35223000140094972 886995849103274
35223000140094973 886625578005222
35223000140094974 886735684108321
35223000140094975 884393249518681
35223000140094976 886115062840968
35223000140094977 885934888231151
35223000140094978 884423376012299
35223000140094979 889958800921687
35223000140094980 882981835128678
35223000140094981 886285133954573
35223000140094982 884733683633217
35223000140094983 880939889716174
35223000140094984 883862712241892
35223000140094985 880579424968852
35223000140094986 884743692833552
35223000140094987 882921878751088
35223000140094988 887506454367641
35223000140094989 884473327479113
35223000140094990 888797648797549
35223000140094991 887656507959600
35223000140094992 886805755836218
35223000140094993 880199045904686
35223000140094994 882481338496241
35223000140094995 881920873392039
35223000140094996 888607554756248
35223000140094997 887626575861117
35223000140094998 881660513750456
35223000140094999 880129071142271
35223000140095000 884803756136040
35223000140095001 889308254445908
35223000140095002 885264113000708
35223000140095003 888697546344749
35223000140095004 889978828627079
35223000140095005 881720672510569
35223000140095006 885714664996589
35223000140095007 886455303015747
35223000140095008 888137085221475
35223000140095009 881960813232534
35223000140095010 883682530011943
35223000140095011 886695540795203
35223000140095012 883752609733465
35223000140095013 880669513546331
35223000140095014 886865718149394
35223000140095015 889828778997340
35223000140095016 887916869452130
35223000140095017 889068915463569
35223000140095018 880329277353535
35223000140095019 882921871515623
35223000140095020 889388234866372
35223000140095021 886235189508375
35223000140095022 887806759304280
35223000140095023 887366218423758
35223000140095024 884183034518046
35223000140095025 883912863566833
35223000140095026 886725675648435
35223000140095027 880309256062905
35223000140095028 883712666646505
35223000140095029 888197048094554
35223000140095030 882151006958455
35223000140095031 886015966982682
35223000140095032 883842799510250
35223000140095033 885554400865102
35223000140095034 889148097394590
35223000140095035 884673527354722
35223000140095036 885674523307301
35223000140095037 880349297844220
35223000140095038 886445390845097
35223000140095039 882541497677598
35223000140095040 887266119530458
35223000140095041 880619566985811
35223000140095042 885364210469534
35223000140095043 889988837149100
35223000140095044 881230186301904
35223000140095045 880359202400329
35223000140095046 881260112307091
35223000140095047 888457304028252
35223000140095048 882601559230856
35223000140095049 882161011890035
35223000140095050 883642590272981
35223000140095051 888917868325086
35223000140095052 883512460133237
35223000140095053 883772624082154
35223000140095054 889598441754644
35223000140095055 885624578700683
35223000140095056 887526474851145
35223000140095057 882461312147582
35223000140095058 881330285529194
35223000140095059 887926877391413
35223000140095060 889758603421064
35223000140095061 886025978907308
35223000140095062 883482335076007
35223000140095063 888597447998525
35223000140095064 886705653207489
35223000140095065 889478329207110
35223000140095066 885704658845976
35223000140095067 880819766909501
35223000140095068 888077926897010
35223000140095069 882931886520903
35223000140095070 888547498578076
35223000140095071 880589430104232
35223000140095072 885664518766097
35223000140095073 884353203273710
35223000140095074 887596445829579
35223000140095075 884823774280009
35223000140095076 880779620596784
35223000140095077 889198040300912
35223000140095078 889498340570117
35223000140095079 880419360865379
35223000140095080 886135084596520
35223000140095081 883572423782211
35223000140095082 885064911650161
35223000140095083 883582437631593
35223000140095084 880259102487248
35223000140095085 880749699376030
35223000140095086 883442391767812
35223000140095087 885434380152175
35223000140095088 881160012170072
35223000140095089 880609559518385
35223000140095090 883822778681208
35223000140095091 888907851499724
35223000140095092 881610566513522
35223000140095093 884043996262824
35223000140095094 882331280619016
35223000140095095 885854703875086
35223000140095096 886575426218140
35223000140095097 884213166801505
35223000140095098 885434388097353
35223000140095099 887066913311333
35223000140095100 881670523363307
35223000140095101 889318265406220
35223000140095102 880659507720409
35223000140095103 884603557098592
35223000140095104 880499342313644
35223000140095105 880809757605936
35223000140095106 885924879618201
35223000140095107 889328273359306
35223000140095108 886285135239794
35223000140095109 889368217217300
35223000140095110 881910862332448
35223000140095111 884843795832031
35223000140095112 887006958664759
35223000140095113 887386231727574
35223000140095114 884463317424158
35223000140095115 886375220757452
35223000140095116 885684531233497
35223000140095117 884093945059611
35223000140095118 885594440515630
35223000140095119 889708656583040
35223000140095120 881040994415331
35223000140095121 882671527301158
35223000140095122 884793640692433
35223000140095123 883452303341830
35223000140095124 888727676398412
35223000140095125 884713667060384
35223000140095126 883792647371790
35223000140095127 889908854264212
35223000140095128 889978821715888
35223000140095129 883552408355637
35223000140095130 888777626211472
35223000140095131 885444391351256
35223000140095132 886285135997845
35223000140095133 882061913156928
35223000140095134 889308255697723
35223000140095135 886435384360809
35223000140095136 886865712741015
35223000140095137 883972820114916
35223000140095138 885064912192146
35223000140095139 885074920903505
35223000140095140 884073921591106
35223000140095141 883272124245982
35223000140095142 884253104994660
35223000140095143 882321277816235
35223000140095144 883412360304702
35223000140095145 881580439716931
35223000140095146 885244194437498
35223000140095147 883092948605588
35223000140095148 887366213511790
35223000140095149 882321270276012
35223000140095150 886675528915697
35223000140095151 887666518592045
35223000140095152 885024970263112
35223000140095153 887196045399062
35223000140095154 880499340996464
35223000140095155 882691540729000
35223000140095156 885504450755943
35223000140095157 889588431817760
35223000140095158 889048996389156
35223000140095159 884423371365451
35223000140095160 889818767753358
35223000140095161 889598444274941
35223000140095162 886455304489573
35223000140095163 889568417074498
35223000140095164 882771626450034
35223000140095165 884113060729391
35223000140095166 883732686474881
35223000140095167 882141099456153
35223000140095168 886565413699878
35223000140095169 885794647357186
35223000140095170 881060910158773
35223000140095171 881880730863093
35223000140095172 889198044770726
35223000140095173 881230181204456
35223000140095174 881970825563099
35223000140095175 886775621217390
35223000140095176 888387232695478
35223000140095177 880069910777260
35223000140095178 888387239937195
35223000140095179 883502458913226
35223000140095180 887126076413460
35223000140095181 881010961862023
35223000140095182 889728670404095
35223000140095183 881240192913897
35223000140095184 885564413989062
35223000140095185 881860716265977
35223000140095186 883992841136077
35223000140095187 885894746690303
35223000140095188 881740699685955
35223000140095189 886715668254567
35223000140095190 887896743657074
35223000140095191 886135089354774
35223000140095192 889138081948423
35223000140095193 880939881892913
35223000140095194 883992848680681
35223000140095195 889628577582531
35223000140095196 885694540305854
35223000140095197 885474323601323
35223000140095198 880869715957726
35223000140095199 885384238152660
35223000140095200 882831782649300
35223000140095201 885544490952142
35223000140095202 880709655043499
35223000140095203 888477326800756
35223000140095204 886345299172180
35223000140095205 888827776605469
35223000140095206 888527479474066
35223000140095207 882491341796867
35223000140095208 882421373279214
35223000140095209 884433384037370
35223000140095210 880489338473143
35223000140095211 880909853317785
35223000140095212 885504451366385
35223000140095213 881310260087165
35223000140095214 887316261955346
35223000140095215 887516469265916
35223000140095216 882621573039336
35223000140095217 887966810362965
35223000140095218 886245190273618
35223000140095219 883312264138841
35223000140095220 889838786802614
35223000140095221 883132086816100
35223000140095222 886205155653447
35223000140095223 885534487193281
35223000140095224 888517463793749
35223000140095225 887666518857925
35223000140095226 884313266064866
35223000140095227 886395248117501
35223000140095228 885094947774242
35223000140095229 883392249347961
35223000140095230 889198040505110
35223000140095231 887306255887350
35223000140095232 883932882011511
35223000140095233 887436383298197
35223000140095234 884433389570586
35223000140095235 889898749135116
35223000140095236 882441393627467
35223000140095237 889898747241133
35223000140095238 887126074774758
35223000140095239 885524475023531
35223000140095240 884303257140370
35223000140095241 886135085750956
35223000140095242 884743697646674
35223000140095243 885554405849183
35223000140095244 883122079062875
35223000140095245 884433383678910
35223000140095246 889548493231224
35223000140095247 887256107049717
35223000140095248 883472325698975
35223000140095249 883422372879677
35223000140095250 888147099924249
35223000140095251 882231180944187
35223000140095252 889828779599784
35223000140095253 888847794718385
35223000140095254 884443397408332
35223000140095255 881870722414875
35223000140095256 881310268188417
35223000140095257 885044999657626
35223000140095258 880029970828783
35223000140095259 888947892026504
35223000140095260 883362216800415
35223000140095261 888017969224557
35223000140095262 888867715473607
35223000140095263 887776628872250
35223000140095264 886235183058658
35223000140095265 885594444807550
35223000140095266 882111060687662
35223000140095267 883102054226114
35223000140095268 888137083805729
35223000140095269 889678528514615
35223000140095270 883752608815988
35223000140095271 882471323502562
35223000140095272 889878726291612
35223000140095273 881520472678265
35223000140095274 884953805367510
35223000140095275 888317265741613
35223000140095276 882811761910908
35223000140095277 884853703298812
35223000140095278 885114064517584
35223000140095279 885794645193513
35223000140095280 881650504720011
35223000140095281 884033989898767
35223000140095282 885684535188366
35223000140095283 880829773516719
35223000140095284 888897741750296
35223000140095285 881710664665403
35223000140095286 884483339843867
35223000140095287 882551406023799
35223000140095288 880429373620513
35223000140095289 883332280831773
35223000140095290 886745694199852
35223000140095291 880119062424382
35223000140095292 881200150000128
35223000140095293 884383238356133
35223000140095294 889648597644747
35223000140095295 888637582972080
35223000140095296 881970828823646
35223000140095297 884013960166962
35223000140095298 880019960036927
35223000140095299 881110063502073
35223000140095300 880509457587044
35223000140095301 881660516837971
35223000140095302 881920874259036
35223000140095303 885564412972437
35223000140095304 881160010413853
35223000140095305 885804755403690
35223000140095306 887256106899438
35223000140095307 884983834281812
35223000140095308 886855703660267
35223000140095309 887226174151704
35223000140095310 883802752241657
35223000140095311 888397242250989
35223000140095312 884233188714286
35223000140095313 889558405152394
35223000140095314 881340290501076
35223000140095315 882551404623189
35223000140095316 882081938558804
35223000140095317 886385232075706
35223000140095318 885774626283086
35223000140095319 887686539528280
35223000140095320 883262115126473
35223000140095321 889378228111156
35223000140095322 888187032083868
35223000140095323 880319267087956
35223000140095324 888367219956944
35223000140095325 882301250997205
35223000140095326 887676528621705
35223000140095327 889128072080555
35223000140095328 880799649991158
35223000140095329 889888739251954
35223000140095330 884493349015858
35223000140095331 882211168278748
35223000140095332 883772624169250
35223000140095333 882331282442714
35223000140095334 884603556882394
35223000140095335 888747697539008
35223000140095336 888107056964025
35223000140095337 885314269885474
35223000140095338 888697544079613
35223000140095339 885804757285950
35223000140095340 884653509085256
35223000140095341 884283135558446
35223000140095342 888707653513643
35223000140095343 889068916936868
35223000140095344 887976825958923
35223000140095345 889918862820319
35223000140095346 882151006523378
35223000140095347 887916862553084
35223000140095348 883542490257875
35223000140095349 888287135896312
35223000140095350 881460316340152
35223000140095351 880339286324107
35223000140095352 888407351329058
35223000140095353 889358205183939
35223000140095354 885284134698733
35223000140095355 880119067078203
35223000140095356 887826773244281
35223000140095357 887846794820231
35223000140095358 882411367192333
35223000140095359 887106058545127
35223000140095360 884783631968144
35223000140095361 882021971078167
35223000140095362 883642591948380
35223000140095363 880819769775329
35223000140095364 886965813099904
35223000140095365 880249195329935
35223000140095366 882311263954086
35223000140095367 887026973436056
35223000140095368 885274126322470
35223000140095369 881710662305146
35223000140095370 886365213087819
35223000140095371 889678529326429
35223000140095372 888507452609893
35223000140095373 884773627281747
35223000140095374 887006959150442
35223000140095375 886155005754091
35223000140095376 883352204939010
35223000140095377 883682535681002
35223000140095378 881380233094691
35223000140095379 884353208624656
35223000140095380 885324276434754
35223000140095381 887536481727249
35223000140095382 887036984440283
35223000140095383 888327272781929
35223000140095384 887366215000345
35223000140095385 884933887244093
35223000140095386 885284136654647
35223000140095387 884313261658736
35223000140095388 883182038882216
35223000140095389 884843790607777
35223000140095390 882751602192808
35223000140095391 884443391167072
35223000140095392 884683530194939
35223000140095393 887936885950300
35223000140095394 889028979575730
35223000140095395 888087931284792
35223000140095396 881420379496242
35223000140095397 885554403362659
35223000140095398 881410363920943
35223000140095399 882151004610547
35223000140095400 887826775302027
35223000140095401 888057901653710
35223000140095402 888607556944171
35223000140095403 889758604228140
35223000140095404 882001951045525
35223000140095405 888327271257039
35223000140095406 885824770823959
35223000140095407 882521476370867
35223000140095408 883132087274981
35223000140095409 884303258126353
35223000140095410 883672524363849
35223000140095411 880619564222479
35223000140095412 882081939087283
35223000140095413 888167012270575
35223000140095414 888017968609692
35223000140095415 887626570015209
35223000140095416 883162013421903
35223000140095417 880369212741677
35223000140095418 883992845582257
35223000140095419 883132085223979
35223000140095420 886745694189265
35223000140095421 887726677274920
35223000140095422 885784633907836
35223000140095423 883952800137114
35223000140095424 885454300676242
35223000140095425 881250108549537
35223000140095426 887996841126600
35223000140095427 880349299790730
35223000140095428 883012968453854
35223000140095429 889808753139427
35223000140095430 886955803608730
35223000140095431 887876726533501
35223000140095432 882151002140939
35223000140095433 888607553746178
35223000140095434 889658507332174
35223000140095435 886005956946193
35223000140095436 886715665926467
35223000140095437 882561415288889
35223000140095438 883522477474873
35223000140095439 882151001701980
35223000140095440 889798640766469
35223000140095441 881780637338548
35223000140095442 887516469299577
35223000140095443 889668510944604
35223000140095444 887256100722835
35223000140095445 885634585458734
35223000140095446 889128072477254
35223000140095447 887846799590812
35223000140095448 882851704488673
35223000140095449 888207152197391
35223000140095450 882561412118684
35223000140095451 888987830658591
35223000140095452 888567412706297
35223000140095453 883812767725021
35223000140095454 880079926027444
35223000140095455 886305257219061
35223000140095456 889648597488261
35223000140095457 881100053296192
35223000140095458 887596444281072
35223000140095459 887936888233775
35223000140095460 887436386929512
35223000140095461 888717660101317
35223000140095462 886015963329111
35223000140095463 889098948371428
35223000140095464 889498348041440
35223000140095465 881360212276563
35223000140095466 889488331026634
35223000140095467 883872723049489
35223000140095468 887276126725627
35223000140095469 888937881487956
35223000140095470 883322274533915
35223000140095471 886525476267876
35223000140095472 887526471427420
35223000140095473 880979829392098
35223000140095474 883282132959966
35223000140095475 880639584398822
35223000140095476 887626576644828
35223000140095477 887556400901577
35223000140095478 888437384337199
35223000140095479 882391241492381
35223000140095480 882361213772831
35223000140095481 889388230965926
35223000140095482 889448397779819
35223000140095483 887566416137648
35223000140095484 887316265928047
35223000140095485 885984835205719
35223000140095486 887526471086621
35223000140095487 882661519787192
35223000140095488 888987830098922
35223000140095489 882311262150043
35223000140095490 881090945730351
35223000140095491 888077923642672
35223000140095492 885344292477928
35223000140095493 882711664568691
35223000140095494 888867719815854
35223000140095495 886135080932003
35223000140095496 885244196961612
35223000140095497 883612564264060
35223000140095498 887616560372152
35223000140095499 880419363926348
35223000140095500 880209156002472
35223000140095501 882021973405588
35223000140095502 888387232083414
35223000140095503 885894747963324
35223000140095504 886065919206840
35223000140095505 880649599638771
35223000140095506 881120077954995
35223000140095507 887786637545272
35223000140095508 885024971085085
35223000140095509 887826776441919
35223000140095510 881930889077064
35223000140095511 886155007837394
35223000140095512 883892743870154
35223000140095513 888097949200144
35223000140095514 884513463277279
35223000140095515 881470322376659
35223000140095516 886765619401919
35223000140095517 887106055303299
35223000140095518 881880734657133
35223000140095519 889498340251361
35223000140095520 889008955634210
35223000140095521 882701659219641
35223000140095522 888567410273488
35223000140095523 888947893487887
35223000140095524 885994849179255
35223000140095525 883162015910295
35223000140095526 882541499585985
35223000140095527 881410361970817
35223000140095528 885064913381474
35223000140095529 882171026457745
35223000140095530 885004951462141
35223000140095531 885544498177990
35223000140095532 889088932175667
35223000140095533 889708652800281
35223000140095534 882521479529244
35223000140095535 887976823455862
35223000140095536 887956807494675
35223000140095537 888977822124540
35223000140095538 886405355292428
35223000140095539 880579422618722
35223000140095540 889588434231132
35223000140095541 881070924632931
35223000140095542 882821778942742
35223000140095543 889658501965030
35223000140095544 880639587149429
35223000140095545 888587439977827
35223000140095546 889508455152421
35223000140095547 884173027755432
35223000140095548 882291146527897
35223000140095549 880999846456754
35223000140095550 884923873569062
35223000140095551 887406354120983
35223000140095552 886305250129477
35223000140095553 883722678840826
35223000140095554 889588435507502
35223000140095555 883112065687205
35223000140095556 889848794388962
35223000140095557 887866710470890
35223000140095558 881710662811933
35223000140095559 886815762709485
35223000140095560 880369215182847
35223000140095561 881500450958300
35223000140095562 888487335792417
35223000140095563 885224171527031
35223000140095564 883432381410702
35223000140095565 883302257936108
35223000140095566 881780636364554
35223000140095567 888497340410554
35223000140095568 886135087935183
35223000140095569 887066915930418
35223000140095570 887856704300324
35223000140095571 883982830227685
35223000140095572 889718668041925
35223000140095573 880649590652478
35223000140095574 889508459808950
35223000140095575 882031987321121
35223000140095576 887746690507630
35223000140095577 882161019093305
35223000140095578 885024975892069
35223000140095579 881610561954695
35223000140095580 888167011253005
35223000140095581 884713669584491
35223000140095582 885304259495115
35223000140095583 888127072209197
35223000140095584 881500459180361
35223000140095585 883862717937469
35223000140095586 888517465188841
35223000140095587 887196049454085
35223000140095588 881120076644087
35223000140095589 886565414114886
35223000140095590 884983834217769
35223000140095591 885884737433973
35223000140095592 883412366844653
35223000140095593 888237183598845
35223000140095594 887276123167784
35223000140095595 882891742314425
35223000140095596 888677520161893
35223000140095597 887206152305551
35223000140095598 883542497987854
35223000140095599 883392244518959
35223000140095600 885174020560974
35223000140095601 888987832754613
35223000140095602 887216164645482
35223000140095603 885604559897784
35223000140095604 887246195913190
35223000140095605 887126073299288
35223000140095606 887826775466760
35223000140095607 889298140894899
35223000140095608 883662515885292
35223000140095609 881960810062766
35223000140095610 880309252613204
35223000140095611 881490344566652
35223000140095612 882051906640488
35223000140095613 888967813799384
35223000140095614 886925870303210
35223000140095615 880599448107053
35223000140095616 882611563056928
35223000140095617 886435380024009
35223000140095618 880349296371729
35223000140095619 880409353950902
35223000140095620 887256105505342
35223000140095621 880069914080262
35223000140095622 882171026815942
35223000140095623 886015963746363
35223000140095624 887866717890249
35223000140095625 886165019931333
35223000140095626 886635588959659
35223000140095627 882491342178660
35223000140095628 887086931960129
35223000140095629 880639585376280
35223000140095630 887196044771365
35223000140095631 887456305571474
35223000140095632 883632583522931
35223000140095633 887506451979932
35223000140095634 887706650503555
35223000140095635 885734684642145
35223000140095636 886235184874485
35223000140095637 882891743508015
35223000140095638 888617564590653
35223000140095639 887216165584179
35223000140095640 887416367482796
35223000140095641 884143095669849
35223000140095642 880069914835107
35223000140095643 885854709934970
35223000140095644 882251100677415
35223000140095645 880339282077971
35223000140095646 885104054967163
35223000140095647 887206154852930
35223000140095648 881710668852666
35223000140095649 880729671548130
35223000140095650 885604551916394
35223000140095651 887796649560918
35223000140095652 882021976896344
35223000140095653 884873723545962
35223000140095654 884493349258389
35223000140095655 881960816242050
35223000140095656 888007950486562
35223000140095657 883982835073501
35223000140095658 885844799979505
35223000140095659 881710666051563
35223000140095660 881080935025269
35223000140095661 889848790464942
35223000140095662 882361214336211
35223000140095663 885354203054276
35223000140095664 885324274340555
35223000140095665 886295146360611
35223000140095666 887866715941795
35223000140095667 888497343311884
35223000140095668 884523479156493
35223000140095669 887726676461334
35223000140095670 886825774309786
35223000140095671 880329274176858
35223000140095672 888147095226133
35223000140095673 886055907883266
35223000140095674 883382235742874
35223000140095675 885874728991441
35223000140095676 881090941676839
35223000140095677 884133082090862
35223000140095678 881870723445329
35223000140095679 889578424839939
35223000140095680 888817766247449
35223000140095681 880859703055048
35223000140095682 882181033487647
35223000140095683 881720672635644
35223000140095684 885324278203812
35223000140095685 885014966391993
35223000140095686 881450308773911
35223000140095687 887556400014266
35223000140095688 884253100228887
35223000140095689 882541497511729
35223000140095690 880219168798941
35223000140095691 884613565167474
35223000140095692 881810761756699
35223000140095693 882361215158627
35223000140095694 882551406298259
35223000140095695 885644592617827
35223000140095696 882661512934644
35223000140095697 881750603573034
35223000140095698 887906857430918
35223000140095699 889578428128755
35223000140095700 889628578822223
35223000140095701 880259104077895
35223000140095702 887436385604786
35223000140095703 880319263622097
35223000140095704 882221176589353
35223000140095705 887806750343556
35223000140095706 887196049978951
35223000140095707 888217165063008
35223000140095708 888387237467060
35223000140095709 888407352529581
35223000140095710 881230189927339
35223000140095711 889288135819750
35223000140095712 886535485924611
35223000140095713 882231184876785
35223000140095714 883352206920689
35223000140095715 887786632021472
35223000140095716 886125079766653
35223000140095717 881920872641718
35223000140095718 884513465548132
35223000140095719 883612560309059
35223000140095720 880429374207404
35223000140095721 887836786610815
35223000140095722 883202157086725
35223000140095723 884033988901098
35223000140095724 889278127134521
35223000140095725 880879724333061
[END]
